x = [ -13.231159210205078, 13.748157501220703,]
y = [ -20.1444149017334, 14.870874404907227,]
z = [ 190.81932067871094, 197.42649841308594,]
