x = [ -6.3761372566223145, 9.157493591308594,]
y = [ -19.54297637939453, 14.454107284545898,]
z = [ 189.6499481201172, 197.2449188232422,]
