frame_849 = [ [ "1.0", "0.0", "0.0", "0.0",], [ "0.0", "1.0", "0.0", "0.0",], [ "0.0", "0.0", "1.0", "0.0",], [ "0.0", "0.0", "0.0", "1.0",],]
frame_850 = [ [ "0.9999942716185549", "0.002809736524992283", "-0.0018873554876928584", "0.3302350764108118",], [ "-0.0028183278753713425", "0.9999856091300977", "-0.0045649272386099745", "0.8828334367410987",], [ "0.0018745020842093748", "0.004570220275547721", "0.9999877995898598", "-0.024173634749485546",], [ "0.0", "0.0", "0.0", "1.0",],]
frame_851 = [ [ "0.9999955451161984", "0.002462964901101544", "-0.0016862833848469976", "0.290427505140774",], [ "-0.0024699631594710227", "0.9999882939409087", "-0.004160680610451158", "0.8042437210710819",], [ "0.0016760160348060936", "0.004164827132940319", "0.9999899225418252", "-0.025089821038015454",], [ "0.0", "0.0", "0.0", "1.0",],]
frame_852 = [ [ "0.9999960423412179", "0.002397967362069767", "-0.0014714123939262558", "0.24870584030804876",], [ "-0.002403572766681467", "0.9999898164219628", "-0.003819671494486329", "0.7381794361225653",], [ "0.0014622379621060172", "0.0038231930242893395", "0.99999162249253", "-0.025740868821706495",], [ "0.0", "0.0", "0.0", "1.0",],]
frame_853 = [ [ "0.9999960423412183", "0.0023979673620692444", "-0.0014714123939269393", "0.2487058403081817",], [ "-0.0024035727666820855", "0.9999898164219623", "-0.0038196714944851175", "0.7381794361223294",], [ "0.0014622379621067093", "0.003823193024288115", "0.9999916224925293", "-0.025740868821479832",], [ "0.0", "0.0", "0.0", "1.0",],]
frame_854 = [ [ "0.999996042341219", "0.0023979673620691637", "-0.0014714123939289332", "0.2487058403085699",], [ "-0.002403572766682604", "0.9999898164219622", "-0.003819671494482429", "0.738179436121806",], [ "0.0014622379621087986", "0.003823193024285652", "0.9999916224925295", "-0.025740868821537987",], [ "0.0", "0.0", "0.0", "1.0",],]
frame_855 = [ [ "0.9999949793932291", "0.0026358589762288695", "-0.001758816589467073", "0.305453928594066",], [ "-0.00264376870358389", "0.999986334558093", "-0.0045101201881123446", "0.8725948522007728",], [ "0.0017469045136797687", "0.004514747448827933", "0.9999882826213977", "-0.02464310801577016",], [ "0.0", "0.0", "0.0", "1.0",],]
frame_856 = [ [ "0.9999978640522618", "0.0019882580927579893", "-0.0005645535183886355", "0.07330758872965662",], [ "-0.00199063857667805", "0.9999889967240931", "-0.00424779811184189", "0.8218375493963365",], [ "0.0005561015874787696", "0.00424891286078079", "0.9999908187031145", "-0.024968101308319057",], [ "0.0", "0.0", "0.0", "1.0",],]
frame_857 = [ [ "0.9999991165895014", "0.0008177836560220093", "-0.0010478788647668056", "0.1695012591017389",], [ "-0.0008222010652481368", "0.9999907488900052", "-0.004222098982186924", "0.8153551229853051",], [ "0.0010444164071828916", "0.0042229568194602765", "0.9999905378702694", "-0.025438458112172834",], [ "0.0", "0.0", "0.0", "1.0",],]
frame_858 = [ [ "0.9999956660140844", "0.0029386960136401673", "0.00017893796398302686", "-0.07248706446847449",], [ "-0.0029381314511409897", "0.9999909479169172", "-0.0030775749874626035", "0.592057330670929",], [ "-0.00018798040156834813", "0.003077035906037631", "0.9999952482454131", "-0.0308920965160025",], [ "0.0", "0.0", "0.0", "1.0",],]
frame_859 = [ [ "0.9999956660140846", "0.0029386960136400723", "0.0001789379639796522", "-0.07248706446781819",], [ "-0.002938131451141174", "0.9999909479169172", "-0.0030775749874601905", "0.5920573306704596",], [ "-0.00018798040156493983", "0.0030770359060352617", "0.9999952482454132", "-0.030892096516004157",], [ "0.0", "0.0", "0.0", "1.0",],]
frame_860 = [ [ "0.9999953586987226", "0.001968000552699857", "-0.002325844974445645", "0.41635998113431",], [ "-0.001976976567941552", "0.9999905833025576", "-0.0038632719116693513", "0.7462047128160676",], [ "0.0023182201514105587", "0.003867852122076739", "0.9999898327359606", "-0.025767277544173538",], [ "0.0", "0.0", "0.0", "1.0",],]
frame_861 = [ [ "0.999995729185312", "0.0020204625641845634", "-0.0021117154571703607", "0.3748559971799378",], [ "-0.002027545571887", "0.9999923084078344", "-0.0033574073523436865", "0.647909067682084",], [ "0.002104915698849035", "0.0033616746128049147", "0.9999921342059157", "-0.026798174223757885",], [ "0.0", "0.0", "0.0", "1.0",],]
frame_862 = [ [ "0.9999957291853133", "0.002020462564183904", "-0.0021117154571722654", "0.37485599718030904",], [ "-0.002027545571887365", "0.9999923084078344", "-0.0033574073523439073", "0.6479090676821267",], [ "0.0021049156988510826", "0.003361674612805411", "0.999992134205916", "-0.026798174223756806",], [ "0.0", "0.0", "0.0", "1.0",],]
frame_863 = [ [ "0.9999957291853144", "0.0020204625641839615", "-0.0021117154571704123", "0.37485599717994966",], [ "-0.002027545571887719", "0.999992308407835", "-0.00335740735234322", "0.647909067681993",], [ "0.0021049156988494876", "0.003361674612805108", "0.9999921342059167", "-0.026798174223928148",], [ "0.0", "0.0", "0.0", "1.0",],]
frame_864 = [ [ "0.9999976496444989", "0.00191225719339148", "-0.0010217523765041292", "0.16219253061485447",], [ "-0.0019156368220421592", "0.9999926638895104", "-0.00331700207035442", "0.6406381719280942",], [ "0.0010154019197478354", "0.0033189515806982786", "0.9999939767415364", "-0.02702491261398045",], [ "0.0", "0.0", "0.0", "1.0",],]
frame_865 = [ [ "0.9999976496444989", "0.0019122571933917391", "-0.0010217523765006986", "0.16219253061418662",], [ "-0.0019156368220422206", "0.9999926638895106", "-0.0033170020703569463", "0.6406381719285855",], [ "0.0010154019197445032", "0.0033189515807009917", "0.9999939767415371", "-0.02702491261417822",], [ "0.0", "0.0", "0.0", "1.0",],]
frame_866 = [ [ "0.9999976496444993", "0.0019122571933915375", "-0.001021752376506609", "0.16219253061533692",], [ "-0.0019156368220421438", "0.9999926638895107", "-0.0033170020703514125", "0.6406381719275096",], [ "0.0010154019197504136", "0.003318951580695259", "0.9999939767415376", "-0.027024912614209376",], [ "0.0", "0.0", "0.0", "1.0",],]
frame_867 = [ [ "0.9999976605311166", "0.0019114936824401261", "-0.001012484179041295", "0.16038490929058685",], [ "-0.0019148293084828738", "0.9999927090172506", "-0.0033038373249937233", "0.6380719441373085",], [ "0.001006161532863832", "0.0033057683301522165", "0.9999940297495417", "-0.02703745379639422",], [ "0.0", "0.0", "0.0", "1.0",],]
frame_868 = [ [ "0.9999976605311166", "0.0019114936824400095", "-0.001012484179040457", "0.160384909290424",], [ "-0.0019148293084831696", "0.9999927090172503", "-0.0033038373249918364", "0.6380719441369413",], [ "0.0010061615328627676", "0.0033057683301500316", "0.9999940297495411", "-0.027037453796310503",], [ "0.0", "0.0", "0.0", "1.0",],]
frame_869 = [ [ "0.999998390972479", "0.0017184631584753792", "-0.0005147201608944748", "0.06310069481594745",], [ "-0.0017202663330591337", "0.9999923127839239", "-0.003523500647532318", "0.6813144539371521",], [ "0.0005086611980794933", "0.003524380433889428", "0.9999936599830785", "-0.026422804516726205",], [ "0.0", "0.0", "0.0", "1.0",],]
frame_870 = [ [ "0.9999983909724791", "0.0017184631584753448", "-0.0005147201608927718", "0.06310069481561575",], [ "-0.0017202663330595767", "0.9999923127839245", "-0.0035235006475301447", "0.6813144539367294",], [ "0.00050866119807818", "0.003524380433887763", "0.9999936599830794", "-0.026422804516897973",], [ "0.0", "0.0", "0.0", "1.0",],]
frame_871 = [ [ "0.9999980921333739", "0.0018879033597348524", "-0.0005015481393312858", "0.06068683914793253",], [ "-0.0018898788088750895", "0.999990342145918", "-0.003967867562261552", "0.7678867789495045",], [ "0.0004940523449530268", "0.003968807857303299", "0.9999920022062604", "-0.025611666592304745",], [ "0.0", "0.0", "0.0", "1.0",],]
frame_872 = [ [ "0.9999989128972254", "0.0007587854914635968", "-0.0012642978146754393", "0.20970660582508419",], [ "-0.0007680084929155229", "0.9999729829099536", "-0.007310513876430339", "1.4160198728122304",], [ "0.0012587165451650715", "0.007311476920613072", "0.9999724785902414", "-0.020096343739335307",], [ "0.0", "0.0", "0.0", "1.0",],]
frame_873 = [ [ "0.9999989719062526", "0.0008611318221560389", "-0.0011465768366114844", "0.1868927355109268",], [ "-0.0008692606068997429", "0.9999743593947226", "-0.00710808969583658", "1.3763481918856926",], [ "0.0011404264354578234", "0.007109079062134431", "0.9999740798752969", "-0.020293171701846115",], [ "0.0", "0.0", "0.0", "1.0",],]
frame_874 = [ [ "0.9999978640522699", "0.0019882580927562204", "-0.0005645535183881611", "0.07330758872957013",], [ "-0.001990638576679945", "0.9999889967240988", "-0.0042477981118422825", "0.8218375493964121",], [ "0.0005561015874802775", "0.004248912860783629", "0.9999908187031223", "-0.024968101309778383",], [ "0.0", "0.0", "0.0", "1.0",],]
frame_875 = [ [ "0.9999978640522708", "0.0019882580927562824", "-0.0005645535183884142", "0.07330758872962076",], [ "-0.0019906385766803197", "0.9999889967240988", "-0.004247798111841592", "0.8218375493962775",], [ "0.0005561015874807242", "0.004248912860783314", "0.999990818703123", "-0.02496810130994916",], [ "0.0", "0.0", "0.0", "1.0",],]
frame_876 = [ [ "0.999999103379109", "0.0006909713265931675", "-0.0011470830954354043", "0.18683825434024576",], [ "-0.0006985843625801133", "0.9999776459216855", "-0.006649784720167727", "1.2870610419586195",], [ "0.0011424626428831618", "0.006650580092148858", "0.9999772320225913", "-0.021396511745512322",], [ "0.0", "0.0", "0.0", "1.0",],]
frame_877 = [ [ "0.9999990825424541", "0.0005814269475802096", "-0.001223461065806192", "0.20183732433326007",], [ "-0.0005898839888097923", "0.9999758588461236", "-0.006923421253238641", "1.3404378625836793",], [ "0.0012194060663611099", "0.006924136601391355", "0.9999752843851629", "-0.021075345421426826",], [ "0.0", "0.0", "0.0", "1.0",],]
frame_878 = [ [ "0.9999973974291346", "0.0020119962630705613", "-0.0010756421428907968", "0.17303526742761627",], [ "-0.002015840793612569", "0.9999915416270704", "-0.0035851164864278535", "0.6922861470133593",], [ "0.0010684198037379834", "0.0035872754792235276", "0.9999929949423526", "-0.02642218276055969",], [ "0.0", "0.0", "0.0", "1.0",],]
frame_879 = [ [ "0.9999982538298671", "0.0008838804294791698", "-0.001646539591738773", "0.2844568492372123",], [ "-0.0008944604555942187", "0.9999788887179286", "-0.006435997122452022", "1.2449667616649267",], [ "0.001640816179279111", "0.006437458648663712", "0.9999779331807419", "-0.022075969685449958",], [ "0.0", "0.0", "0.0", "1.0",],]
frame_880 = [ [ "0.9999982538298671", "0.0008838804294788", "-0.001646539591738658", "0.28445684923719",], [ "-0.0008944604555942919", "0.9999788887179285", "-0.006435997122452608", "1.2449667616650402",], [ "0.0016408161792789717", "0.006437458648664265", "0.9999779331807415", "-0.022075969685392452",], [ "0.0", "0.0", "0.0", "1.0",],]
frame_881 = [ [ "0.9999982538298673", "0.0008838804294783485", "-0.0016465395917391124", "0.28445684923727826",], [ "-0.0008944604555943375", "0.9999788887179287", "-0.006435997122452352", "1.2449667616649904",], [ "0.0016408161792793644", "0.006437458648663933", "0.9999779331807412", "-0.022075969685335903",], [ "0.0", "0.0", "0.0", "1.0",],]
frame_882 = [ [ "0.9999972507419128", "0.002121633060823687", "-0.0009985899050362743", "0.1579049110621831",], [ "-0.002124929308943473", "0.9999922592963082", "-0.003311498589549607", "0.6389125255405725",], [ "0.0009915563903622807", "0.003313611418346796", "0.9999940183797641", "-0.026564108991665277",], [ "0.0", "0.0", "0.0", "1.0",],]
frame_883 = [ [ "0.9999973974291362", "0.002011996263068951", "-0.0010756421428941238", "0.17303526742826436",], [ "-0.0020158407936138683", "0.9999915416270704", "-0.003585116486433716", "0.6922861470144985",], [ "0.0010684198037413724", "0.0035872754792294413", "0.9999929949423526", "-0.02642218276057153",], [ "0.0", "0.0", "0.0", "1.0",],]
frame_884 = [ [ "0.9999973974291361", "0.002011996263068814", "-0.0010756421428928203", "0.17303526742801084",], [ "-0.0020158407936137243", "0.9999915416270699", "-0.0035851164864346393", "0.6922861470146778",], [ "0.0010684198037401713", "0.00358727547923043", "0.9999929949423529", "-0.02642218276071317",], [ "0.0", "0.0", "0.0", "1.0",],]
frame_885 = [ [ "0.9999973381914536", "0.002018996560724159", "-0.0011168092597038852", "0.1808159223061256",], [ "-0.0020229096989246025", "0.99999178015867", "-0.0035138940584463693", "0.6785794301520468",], [ "0.001109705539693107", "0.003516143909420711", "0.999993202619717", "-0.026519772683753086",], [ "0.0", "0.0", "0.0", "1.0",],]
frame_886 = [ [ "0.9999983796655236", "0.0006749613149445167", "-0.0016688599636489059", "0.2885805580893851",], [ "-0.0006856989817922752", "0.9999790153006193", "-0.006441954309111419", "1.2467800975964412",], [ "0.0016644768731758656", "0.0064430882065727585", "0.99997785782042", "-0.02252971797923427",], [ "0.0", "0.0", "0.0", "1.0",],]
frame_887 = [ [ "0.9999983796655236", "0.0006749613149448366", "-0.0016688599636478772", "0.2885805580891851",], [ "-0.0006856989817924324", "0.9999790153006194", "-0.006441954309111261", "1.2467800975964103",], [ "0.0016644768731748011", "0.006443088206572364", "0.9999778578204197", "-0.022529717979064532",], [ "0.0", "0.0", "0.0", "1.0",],]
frame_888 = [ [ "0.999998569072229", "0.0008142610724474678", "-0.0014828460566660214", "0.2516192512270109",], [ "-0.0008245714018404047", "0.9999753986836439", "-0.006965781327379236", "1.3490974609972473",], [ "0.0014771376121298849", "0.006966994072304819", "0.9999746392074581", "-0.021204683196372198",], [ "0.0", "0.0", "0.0", "1.0",],]
frame_889 = [ [ "0.9999990644981116", "0.0007068965908734352", "-0.0011710252509328314", "0.19114134895845092",], [ "-0.000714957087829633", "0.9999759582818321", "-0.0068972236953573135", "1.3357682066351146",], [ "0.0011661214735600163", "0.006898054475798692", "0.9999755282031523", "-0.021018338940435217",], [ "0.0", "0.0", "0.0", "1.0",],]
frame_890 = [ [ "0.9999996084504029", "0.0005089217903433488", "-0.0007239459090494901", "0.10371006548401589",], [ "-0.0005134838174634301", "0.9999799255270589", "-0.0063154475118445295", "1.2225494274727342",], [ "0.0007207173073651663", "0.006315816773546476", "0.9999797953084154", "-0.022150738193299276",], [ "0.0", "0.0", "0.0", "1.0",],]
frame_891 = [ [ "0.9999985139054295", "0.0017091170555829705", "-0.00022606602923699274", "0.006263998712855033",], [ "-0.0017099153054136332", "0.9999921324138102", "-0.003579287657741806", "0.6919780513775892",], [ "0.0002199468290631064", "0.0035796688923490755", "0.9999935687763344", "-0.02570306136715087",], [ "0.0", "0.0", "0.0", "1.0",],]
frame_892 = [ [ "0.9999985139054304", "0.001709117055583072", "-0.0002260660292429717", "0.006263998714018123",], [ "-0.001709915305414052", "0.9999921324138109", "-0.003579287657741096", "0.6919780513774513",], [ "0.00021994682906916778", "0.0035796688923485664", "0.9999935687763353", "-0.025703061367378592",], [ "0.0", "0.0", "0.0", "1.0",],]
frame_893 = [ [ "0.9999984444440371", "0.0017637681598082538", "-1.5212290120747051e-05", "-0.03459965441335105",], [ "-0.0017638065808648455", "0.9999937223426647", "-0.0030731517397510092", "0.5936295673261287",], [ "9.791867437260488e-06", "0.003073173790833079", "0.9999952777423442", "-0.026616996583450132",], [ "0.0", "0.0", "0.0", "1.0",],]
frame_894 = [ [ "0.9999984444440377", "0.0017637681598082783", "-1.521229012051575e-05", "-0.03459965441339558",], [ "-0.001763806580865266", "0.9999937223426649", "-0.0030731517397520535", "0.5936295673263313",], [ "9.791867437290395e-06", "0.003073173790834377", "0.9999952777423451", "-0.026616996583591495",], [ "0.0", "0.0", "0.0", "1.0",],]
frame_895 = [ [ "0.9999984444440382", "0.001763768159808078", "-1.521229012127164e-05", "-0.03459965441324815",], [ "-0.0017638065808652469", "0.9999937223426663", "-0.003073151739751453", "0.5936295673262149",], [ "9.7918674383859e-06", "0.003073173790834375", "0.999995277742346", "-0.02661699658376209",], [ "0.0", "0.0", "0.0", "1.0",],]
frame_896 = [ [ "0.9999974049227508", "0.002115342900559592", "-0.0008458559033900828", "0.12715043688438463",], [ "-0.0021185043888002513", "0.9999907083255559", "-0.003754357697263317", "0.7261921729659913",], [ "0.0008379062900748744", "0.003756139903863776", "0.9999925946356266", "-0.02600840809805115",], [ "0.0", "0.0", "0.0", "1.0",],]
frame_897 = [ [ "0.9999974049227517", "0.0021153429005594544", "-0.0008458559033880823", "0.12715043688399633",], [ "-0.0021185043888003225", "0.9999907083255566", "-0.0037543576972622235", "0.7261921729657785",], [ "0.0008379062900730315", "0.0037561399038630195", "0.9999925946356271", "-0.026008408098165632",], [ "0.0", "0.0", "0.0", "1.0",],]
frame_898 = [ [ "0.9999974049227526", "0.002115342900558825", "-0.0008458559033828332", "0.1271504368829763",], [ "-0.0021185043888001004", "0.9999907083255565", "-0.003754357697263215", "0.7261921729659717",], [ "0.0008379062900678414", "0.003756139903864178", "0.9999925946356275", "-0.026008408098193877",], [ "0.0", "0.0", "0.0", "1.0",],]
frame_899 = [ [ "0.9999974049227532", "0.0021153429005593984", "-0.0008458559033870576", "0.12715043688379848",], [ "-0.002118504388801165", "0.9999907083255561", "-0.0037543576972625036", "0.7261921729658325",], [ "0.0008379062900721049", "0.0037561399038635616", "0.9999925946356276", "-0.026008408098222215",], [ "0.0", "0.0", "0.0", "1.0",],]
frame_900 = [ [ "0.9999974049227541", "0.0021153429005594192", "-0.0008458559033900532", "0.12715043688438157",], [ "-0.002118504388801606", "0.9999907083255563", "-0.0037543576972614637", "0.7261921729656299",], [ "0.0008379062900752057", "0.0037561399038628968", "0.9999925946356283", "-0.026008408098279173",], [ "0.0", "0.0", "0.0", "1.0",],]
frame_901 = [ [ "0.9999945249832969", "0.0029868708423688274", "0.001424291417210157", "-0.3165948105019643",], [ "-0.002982153195795197", "0.99999009850904", "-0.0033029753573224478", "0.6373492268370323",], [ "-0.0014341428753854991", "0.0032987098182817418", "0.999993530852962", "-0.02998535987004376",], [ "0.0", "0.0", "0.0", "1.0",],]
frame_902 = [ [ "0.9999952219462691", "0.002746127411788344", "0.001419460781531075", "-0.3152464278598747",], [ "-0.0027419720230882705", "0.9999919742196416", "-0.0029211445945020982", "0.5628634626822495",], [ "-0.001427471224491294", "0.002917238515371752", "0.9999947260087798", "-0.03010606558941537",], [ "0.0", "0.0", "0.0", "1.0",],]
frame_903 = [ [ "0.9999952219462693", "0.0027461274117883904", "0.0014194607815326606", "-0.3152464278601826",], [ "-0.002741972023088458", "0.9999919742196418", "-0.00292114459450311", "0.5628634626824462",], [ "-0.0014274712244927018", "0.002917238515372924", "0.9999947260087805", "-0.030106065589527973",], [ "0.0", "0.0", "0.0", "1.0",],]
frame_904 = [ [ "0.9999952219462698", "0.002746127411787939", "0.0014194607815300646", "-0.31524642785967716",], [ "-0.002741972023088086", "0.9999919742196419", "-0.002921144594501934", "0.562863462682218",], [ "-0.0014274712244900182", "0.002917238515371816", "0.9999947260087814", "-0.030106065589785267",], [ "0.0", "0.0", "0.0", "1.0",],]
frame_905 = [ [ "0.9999952219462699", "0.0027461274117878114", "0.0014194607815314314", "-0.315246427859943",], [ "-0.0027419720230883893", "0.9999919742196416", "-0.0029211445945021277", "0.5628634626822551",], [ "-0.0014274712244914045", "0.002917238515371983", "0.9999947260087818", "-0.03010606558984159",], [ "0.0", "0.0", "0.0", "1.0",],]
frame_906 = [ [ "0.9999978779081886", "0.001876104216044553", "-0.0008511240397988906", "0.12858392590807446",], [ "-0.001878964575774593", "0.9999925480893467", "-0.0033724261164730734", "0.6516862960622517",], [ "0.0008447906744475465", "0.0033740181918017944", "0.9999939511467006", "-0.026160239798748035",], [ "0.0", "0.0", "0.0", "1.0",],]
frame_907 = [ [ "0.9999978779081883", "0.0018761042160441797", "-0.0008511240397958701", "0.12858392590748677",], [ "-0.0018789645757742843", "0.999992548089347", "-0.0033724261164754577", "0.6516862960627157",], [ "0.0008447906744445688", "0.0033740181918041285", "0.9999939511467003", "-0.026160239798576353",], [ "0.0", "0.0", "0.0", "1.0",],]
frame_908 = [ [ "0.9999978779081881", "0.0018761042160444126", "-0.0008511240397973939", "0.1285839259077829",], [ "-0.0018789645757747075", "0.9999925480893463", "-0.0033724261164746437", "0.6516862960625569",], [ "0.0008447906744460961", "0.0033740181918028326", "0.9999939511466998", "-0.02616023979863383",], [ "0.0", "0.0", "0.0", "1.0",],]
frame_909 = [ [ "0.9999974049227555", "0.0021153429005592267", "-0.0008458559033883596", "0.12715043688405317",], [ "-0.002118504388802147", "0.9999907083255563", "-0.0037543576972613", "0.7261921729655978",], [ "0.0008379062900741308", "0.003756139903862462", "0.9999925946356315", "-0.026008408099014512",], [ "0.0", "0.0", "0.0", "1.0",],]
frame_910 = [ [ "0.9999974049227561", "0.0021153429005593394", "-0.0008458559033892023", "0.12715043688421754",], [ "-0.0021185043888027454", "0.9999907083255563", "-0.0037543576972606982", "0.7261921729654801",], [ "0.0008379062900751525", "0.003756139903862137", "0.9999925946356315", "-0.026008408098929355",], [ "0.0", "0.0", "0.0", "1.0",],]
frame_911 = [ [ "0.9999974049227561", "0.002115342900559447", "-0.0008458559033891631", "0.12715043688420927",], [ "-0.002118504388802551", "0.9999907083255565", "-0.003754357697260282", "0.7261921729653994",], [ "0.0008379062900752468", "0.0037561399038618017", "0.999992594635632", "-0.026008408099128553",], [ "0.0", "0.0", "0.0", "1.0",],]
frame_912 = [ [ "0.9999978779081896", "0.0018761042160443985", "-0.0008511240398010082", "0.12858392590848675",], [ "-0.0018789645757751885", "0.9999925480893469", "-0.003372426116473569", "0.6516862960623476",], [ "0.0008447906744500246", "0.003374018191801826", "0.9999939511467003", "-0.02616023979870981",], [ "0.0", "0.0", "0.0", "1.0",],]
frame_913 = [ [ "0.9999982226459818", "0.0018177359739099531", "-0.0005005405573368254", "0.06037978925763413",], [ "-0.0018193732193025596", "0.9999929323369845", "-0.003290160661812565", "0.635723621957783",], [ "0.0004945563762946688", "0.0032910654841232147", "0.9999944621356667", "-0.02612837131722176",], [ "0.0", "0.0", "0.0", "1.0",],]
frame_914 = [ [ "0.9999946612093639", "0.0027337874455220174", "0.0017899606184946756", "-0.3869384548784951",], [ "-0.002728398542043285", "0.9999917593313596", "-0.0030061787676653622", "0.5790665313721302",], [ "-0.001798164121791424", "0.0030012789923707134", "0.9999938794463867", "-0.029500258217126412",], [ "0.0", "0.0", "0.0", "1.0",],]
frame_915 = [ [ "0.9999946612093641", "0.002733787445521828", "0.0017899606184960633", "-0.38693845487876505",], [ "-0.002728398542043127", "0.9999917593313599", "-0.003006178767664647", "0.5790665313719914",], [ "-0.0017981641217925208", "0.003001278992370308", "0.9999938794463872", "-0.02950025821718308",], [ "0.0", "0.0", "0.0", "1.0",],]
frame_916 = [ [ "0.9999948207149615", "0.002687141692759865", "0.0017713872587800412", "-0.383712381689499",], [ "-0.0026821072849911496", "0.9999923750174539", "-0.0028383459058600536", "0.546797323247245",], [ "-0.0017790007896000585", "0.002833580154592591", "0.9999944029742033", "-0.02991297031412903",], [ "0.0", "0.0", "0.0", "1.0",],]
frame_917 = [ [ "0.9999948207149614", "0.0026871416927599684", "0.0017713872587776865", "-0.3837123816890412",], [ "-0.002682107284991121", "0.9999923750174537", "-0.0028383459058548143", "0.5467973232462261",], [ "-0.0017790007895976498", "0.0028335801545873464", "0.9999944029742035", "-0.029912970314189668",], [ "0.0", "0.0", "0.0", "1.0",],]
frame_918 = [ [ "0.9999948207149618", "0.002687141692759716", "0.0017713872587780334", "-0.3837123816891085",], [ "-0.0026821072849904323", "0.9999923750174544", "-0.00283834590585762", "0.5467973232467724",], [ "-0.0017790007895978988", "0.0028335801545903514", "0.9999944029742039", "-0.029912970314244787",], [ "0.0", "0.0", "0.0", "1.0",],]
frame_919 = [ [ "0.999994820714962", "0.0026871416927594844", "0.0017713872587819992", "-0.383712381689879",], [ "-0.0026821072849903182", "0.9999923750174546", "-0.0028383459058613676", "0.5467973232475011",], [ "-0.0017790007896017973", "0.002833580154593998", "0.9999944029742043", "-0.029912970314326572",], [ "0.0", "0.0", "0.0", "1.0",],]
frame_920 = [ [ "0.9999948207149627", "0.0026871416927597906", "0.0017713872587785213", "-0.3837123816892024",], [ "-0.0026821072849910247", "0.9999923750174544", "-0.002838345905861147", "0.5467973232474578",], [ "-0.0017790007895984409", "0.002833580154593364", "0.9999944029742046", "-0.02991297031447033",], [ "0.0", "0.0", "0.0", "1.0",],]
frame_921 = [ [ "0.9999937262976956", "0.003494184648761962", "0.0005814111608449997", "-0.15257565929992378",], [ "-0.003492202242382764", "0.9999882020686826", "-0.003376425174723001", "0.6513001485002659",], [ "-0.0005932021544040912", "0.0033743735866825397", "0.999994130839846", "-0.030229839910262808",], [ "0.0", "0.0", "0.0", "1.0",],]
frame_922 = [ [ "0.9999937262976953", "0.0034941846487622904", "0.0005814111608446162", "-0.1525756592998496",], [ "-0.003492202242382792", "0.9999882020686826", "-0.0033764251747206786", "0.6513001484998144",], [ "-0.000593202154403898", "0.003374373586679813", "0.9999941308398452", "-0.03022983991012248",], [ "0.0", "0.0", "0.0", "1.0",],]
frame_923 = [ [ "0.9999937262976956", "0.003494184648761998", "0.0005814111608438286", "-0.15257565929969635",], [ "-0.0034922022423828115", "0.999988202068682", "-0.003376425174716421", "0.6513001484989864",], [ "-0.0005932021544031007", "0.003374373586675561", "0.9999941308398452", "-0.03022983991012537",], [ "0.0", "0.0", "0.0", "1.0",],]
frame_924 = [ [ "0.9999937262976951", "0.0034941846487623342", "0.0005814111608459471", "-0.15257565930010875",], [ "-0.0034922022423828207", "0.9999882020686817", "-0.003376425174724622", "0.651300148500581",], [ "-0.0005932021544053945", "0.0033743735866833564", "0.9999941308398451", "-0.030229839910091517",], [ "0.0", "0.0", "0.0", "1.0",],]
frame_925 = [ [ "0.999994452972094", "0.0031985110730689977", "0.0009292749892178492", "-0.21984261954129689",], [ "-0.003195789720945937", "0.9999906438139138", "-0.002915340925319235", "0.5614375951069411",], [ "-0.0009385910449747359", "0.002912354986388193", "0.9999953186067028", "-0.030216138696235517",], [ "0.0", "0.0", "0.0", "1.0",],]
frame_926 = [ [ "0.9999948207149627", "0.002687141692760651", "0.0017713872587807804", "-0.38371238168964183",], [ "-0.0026821072849907398", "0.9999923750174535", "-0.0028383459058614496", "0.5467973232475167",], [ "-0.0017790007896011954", "0.002833580154592512", "0.9999944029742045", "-0.029912970314321777",], [ "0.0", "0.0", "0.0", "1.0",],]
frame_927 = [ [ "0.999994820714963", "0.002687141692760674", "0.0017713872587797532", "-0.38371238168944216",], [ "-0.00268210728499116", "0.9999923750174534", "-0.0028383459058599317", "0.5467973232472213",], [ "-0.0017790007896001376", "0.002833580154590937", "0.9999944029742047", "-0.029912970314493584",], [ "0.0", "0.0", "0.0", "1.0",],]
frame_928 = [ [ "0.9999982226459854", "0.0018177359739113617", "-0.0005005405573358943", "0.06037978925745605",], [ "-0.0018193732193029846", "0.9999929323369862", "-0.0032901606618132924", "0.6357236219579245",], [ "0.0004945563762937535", "0.003291065484123033", "0.9999944621356707", "-0.02612837131789884",], [ "0.0", "0.0", "0.0", "1.0",],]
frame_929 = [ [ "0.9999944529720958", "0.003198511073068049", "0.0009292749892194396", "-0.2198426195416042",], [ "-0.0031957897209471337", "0.9999906438139132", "-0.002915340925317255", "0.5614375951065552",], [ "-0.0009385910449760819", "0.0029123549863865564", "0.9999953186067044", "-0.030216138696591753",], [ "0.0", "0.0", "0.0", "1.0",],]
frame_930 = [ [ "0.9999944529720958", "0.00319851107306791", "0.0009292749892256521", "-0.2198426195428125",], [ "-0.003195789720947438", "0.9999906438139134", "-0.0029153409253139724", "0.5614375951059167",], [ "-0.00093859104498228", "0.002912354986383175", "0.9999953186067049", "-0.030216138696620713",], [ "0.0", "0.0", "0.0", "1.0",],]
frame_931 = [ [ "0.999994452972096", "0.0031985110730676355", "0.0009292749892220441", "-0.2198426195421107",], [ "-0.0031957897209473904", "0.9999906438139136", "-0.0029153409253170615", "0.5614375951065175",], [ "-0.0009385910449787", "0.00291235498638615", "0.9999953186067051", "-0.030216138696648267",], [ "0.0", "0.0", "0.0", "1.0",],]
frame_932 = [ [ "0.9999944529720964", "0.003198511073067764", "0.0009292749892153574", "-0.21984261954081022",], [ "-0.0031957897209477946", "0.9999906438139136", "-0.0029153409253191076", "0.561437595106915",], [ "-0.0009385910449720641", "0.0029123549863881277", "0.9999953186067058", "-0.030216138696762335",], [ "0.0", "0.0", "0.0", "1.0",],]
frame_933 = [ [ "0.9999944529720967", "0.0031985110730671867", "0.0009292749892206678", "-0.2198426195418427",], [ "-0.0031957897209482296", "0.9999906438139129", "-0.002915340925319012", "0.5614375951068961",], [ "-0.0009385910449773949", "0.002912354986387895", "0.9999953186067058", "-0.030216138696761284",], [ "0.0", "0.0", "0.0", "1.0",],]
frame_934 = [ [ "0.9999944529720967", "0.0031985110730672664", "0.000929274989218354", "-0.21984261954139261",], [ "-0.0031957897209485306", "0.9999906438139129", "-0.00291534092531687", "0.5614375951064794",], [ "-0.0009385910449750377", "0.0029123549863858", "0.9999953186067062", "-0.03021613869687668",], [ "0.0", "0.0", "0.0", "1.0",],]
frame_935 = [ [ "0.9999944529720973", "0.0031985110730670474", "0.0009292749892152849", "-0.21984261954079562",], [ "-0.0031957897209488268", "0.9999906438139129", "-0.002915340925313319", "0.5614375951057885",], [ "-0.0009385910449718471", "0.002912354986382377", "0.9999953186067069", "-0.03021613869702144",], [ "0.0", "0.0", "0.0", "1.0",],]
frame_936 = [ [ "0.9999944529720978", "0.003198511073066491", "0.0009292749892172085", "-0.21984261954116946",], [ "-0.0031957897209487418", "0.9999906438139128", "-0.002915340925315631", "0.5614375951062383",], [ "-0.000938591044973625", "0.002912354986384964", "0.9999953186067073", "-0.03021613869704803",], [ "0.0", "0.0", "0.0", "1.0",],]
frame_937 = [ [ "0.9999963945820495", "0.002325986722162227", "-0.0013418676254828368", "0.22409527987650338",], [ "-0.0023304927037918707", "0.999991618515778", "-0.003366259343325952", "0.6501916856298942",], [ "0.0013340265041095298", "0.003369374419269315", "0.99999343382312", "-0.026054434992357333",], [ "0.0", "0.0", "0.0", "1.0",],]
frame_938 = [ [ "0.9999963945820496", "0.0023259867221620757", "-0.0013418676254826059", "0.22409527987645889",], [ "-0.0023304927037915667", "0.999991618515778", "-0.003366259343325389", "0.6501916856297849",], [ "0.0013340265041091033", "0.0033693744192682287", "0.9999934338231197", "-0.026054434992358124",], [ "0.0", "0.0", "0.0", "1.0",],]
frame_939 = [ [ "0.9999957254850732", "0.002383763616482846", "-0.0016931280691927615", "0.2924301617284147",], [ "-0.0023895898541976364", "0.999991202394167", "-0.0034474620536289785", "0.6659479186979349",], [ "0.001684895239111728", "0.003451493199061312", "0.999992624134186", "-0.026029131007513823",], [ "0.0", "0.0", "0.0", "1.0",],]
frame_940 = [ [ "0.9999963945820505", "0.0023259867221617023", "-0.0013418676254835066", "0.22409527987663455",], [ "-0.002330492703792314", "0.9999916185157781", "-0.003366259343325805", "0.6501916856298652",], [ "0.0013340265041101632", "0.003369374419268858", "0.9999934338231197", "-0.02605443499234136",], [ "0.0", "0.0", "0.0", "1.0",],]
frame_941 = [ [ "0.9999944529720992", "0.0031985110730666727", "0.0009292749892207077", "-0.21984261954184847",], [ "-0.0031957897209498663", "0.9999906438139129", "-0.002915340925312049", "0.5614375951055408",], [ "-0.0009385910449774552", "0.002912354986380339", "0.9999953186067074", "-0.030216138697090052",], [ "0.0", "0.0", "0.0", "1.0",],]
frame_942 = [ [ "0.9999940589029154", "0.003142584286214621", "0.0014164472936461228", "-0.31518102625197936",], [ "-0.003138756711081969", "0.9999914387611613", "-0.002696406999443119", "0.5189692528195811",], [ "-0.0014249088533631836", "0.0026919450963831743", "0.9999953615224448", "-0.030555920034648496",], [ "0.0", "0.0", "0.0", "1.0",],]
frame_943 = [ [ "0.9999937262977007", "0.0034941846487599928", "0.0005814111608452421", "-0.1525756592999672",], [ "-0.0034922022423866895", "0.999988202068681", "-0.0033764251747204917", "0.6513001484997746",], [ "-0.0005932021544045391", "0.003374373586679144", "0.9999941308398508", "-0.030229839911223088",], [ "0.0", "0.0", "0.0", "1.0",],]
frame_944 = [ [ "0.9999937262977003", "0.003494184648760511", "0.0005814111608404317", "-0.15257565929903216",], [ "-0.003492202242386962", "0.9999882020686809", "-0.003376425174718073", "0.6513001484993041",], [ "-0.0005932021543998756", "0.0033743735866763854", "0.9999941308398508", "-0.030229839911197185",], [ "0.0", "0.0", "0.0", "1.0",],]
frame_945 = [ [ "0.9999937262976998", "0.003494184648760379", "0.0005814111608475568", "-0.15257565930041805",], [ "-0.0034922022423859314", "0.9999882020686809", "-0.0033764251747223765", "0.6513001485001417",], [ "-0.0005932021544072878", "0.003374373586680003", "0.99999413083985", "-0.03022983991110839",], [ "0.0", "0.0", "0.0", "1.0",],]
frame_946 = [ [ "0.9999937262976997", "0.003494184648760689", "0.0005814111608435105", "-0.15257565929963163",], [ "-0.0034922022423862515", "0.9999882020686816", "-0.003376425174720817", "0.6513001484998384",], [ "-0.0005932021544031819", "0.003374373586678438", "0.9999941308398501", "-0.030229839911053207",], [ "0.0", "0.0", "0.0", "1.0",],]
frame_947 = [ [ "0.9999937262976991", "0.0034941846487607756", "0.0005814111608415148", "-0.15257565929924363",], [ "-0.0034922022423857614", "0.9999882020686817", "-0.003376425174719597", "0.6513001484996015",], [ "-0.000593202154401265", "0.0033743735866770446", "0.9999941308398501", "-0.030229839911139676",], [ "0.0", "0.0", "0.0", "1.0",],]
frame_948 = [ [ "0.9999937262976981", "0.0034941846487609365", "0.0005814111608427572", "-0.1525756592994859",], [ "-0.0034922022423856196", "0.999988202068681", "-0.0033764251747206995", "0.651300148499816",], [ "-0.0005932021544027729", "0.0033743735866776136", "0.9999941308398496", "-0.03022983991096852",], [ "0.0", "0.0", "0.0", "1.0",],]
frame_949 = [ [ "0.9999945249833041", "0.0029868708423684766", "0.0014242914172070153", "-0.31659481050134736",], [ "-0.002982153195798225", "0.9999900985090406", "-0.0033029753573208874", "0.6373492268367267",], [ "-0.001434142875382005", "0.003298709818277349", "0.9999935308529716", "-0.029985359871847708",], [ "0.0", "0.0", "0.0", "1.0",],]
frame_950 = [ [ "0.9999945249833045", "0.0029868708423683938", "0.0014242914172084861", "-0.3165948105016332",], [ "-0.0029821531957981958", "0.9999900985090411", "-0.003302975357320228", "0.6373492268365984",], [ "-0.0014341428753836167", "0.003298709818276656", "0.9999935308529716", "-0.029985359871876057",], [ "0.0", "0.0", "0.0", "1.0",],]
frame_951 = [ [ "0.9999945249833045", "0.002986870842368477", "0.0014242914172075242", "-0.3165948105014464",], [ "-0.0029821531957981142", "0.9999900985090411", "-0.003302975357320751", "0.6373492268367005",], [ "-0.0014341428753829192", "0.0032987098182767605", "0.9999935308529713", "-0.02998535987181936",], [ "0.0", "0.0", "0.0", "1.0",],]
frame_952 = [ [ "0.9999937262976997", "0.0034941846487605366", "0.0005814111608445673", "-0.15257565929983677",], [ "-0.003492202242385508", "0.9999882020686814", "-0.003376425174721801", "0.65130014850003",], [ "-0.0005932021544047513", "0.003374373586678958", "0.99999413083985", "-0.030229839911135266",], [ "0.0", "0.0", "0.0", "1.0",],]
frame_953 = [ [ "0.9999951080245711", "0.0031278189411200574", "2.5993363517153028e-05", "-0.045475010352999674",], [ "-0.0031276678890013367", "0.9999847114134789", "-0.0045601132544829835", "0.8814886488472432",], [ "-4.025617472202962e-05", "0.004560009647915883", "0.9999896022916926", "-0.02775519909994452",], [ "0.0", "0.0", "0.0", "1.0",],]
frame_954 = [ [ "0.9999951080245718", "0.0031278189411203467", "2.599336351887925e-05", "-0.04547501035333435",], [ "-0.003127667889001433", "0.9999847114134798", "-0.004560113254484993", "0.881488648847634",], [ "-4.025617472342394e-05", "0.004560009647918064", "0.9999896022916935", "-0.027755199100084667",], [ "0.0", "0.0", "0.0", "1.0",],]
frame_955 = [ [ "0.9999951080245729", "0.003127818941120055", "2.5993363524465538e-05", "-0.04547501035441941",], [ "-0.003127667889001592", "0.9999847114134798", "-0.004560113254488039", "0.8814886488482263",], [ "-4.0256174728826794e-05", "0.004560009647921278", "0.999989602291694", "-0.027755199100223695",], [ "0.0", "0.0", "0.0", "1.0",],]
frame_956 = [ [ "0.9999975505986551", "0.002184813192082717", "0.0003541017739813595", "-0.1097646997497723",], [ "-0.002183030641059721", "0.9999853234537013", "-0.004958553663535426", "0.9591956544963255",], [ "-0.0003649300904432733", "0.004957768503028297", "0.9999876436024343", "-0.02706162226431927",], [ "0.0", "0.0", "0.0", "1.0",],]
frame_957 = [ [ "0.9999975505986552", "0.0021848131920827137", "0.00035410177397855936", "-0.10976469974922766",], [ "-0.002183030641059877", "0.9999853234537015", "-0.004958553663533295", "0.9591956544959108",], [ "-0.0003649300904405839", "0.004957768503026177", "0.9999876436024348", "-0.027061622264293195",], [ "0.0", "0.0", "0.0", "1.0",],]
frame_958 = [ [ "0.999997550598655", "0.0021848131920828165", "0.00035410177397987515", "-0.10976469974948347",], [ "-0.0021830306410596206", "0.999985323453702", "-0.004958553663534337", "0.9591956544961139",], [ "-0.0003649300904419252", "0.0049577685030270545", "0.9999876436024352", "-0.027061622264434326",], [ "0.0", "0.0", "0.0", "1.0",],]
frame_959 = [ [ "0.9999975505986551", "0.002184813192082867", "0.0003541017739800104", "-0.10976469974951009",], [ "-0.0021830306410600482", "0.9999853234537021", "-0.004958553663533659", "0.9591956544959812",], [ "-0.00036493009044213774", "0.0049577685030265314", "0.9999876436024356", "-0.02706162226446324",], [ "0.0", "0.0", "0.0", "1.0",],]
frame_960 = [ [ "0.9999975505986551", "0.002184813192082435", "0.0003541017739724398", "-0.109764699748038",], [ "-0.002183030641059874", "0.9999853234537016", "-0.0049585536635310175", "0.959195654495468",], [ "-0.00036493009043458334", "0.004957768503023957", "0.9999876436024356", "-0.027061622264466553",], [ "0.0", "0.0", "0.0", "1.0",],]
frame_961 = [ [ "0.9999951080245739", "0.0031278189411194867", "2.5993363518311573e-05", "-0.04547501035322271",], [ "-0.0031276678890018385", "0.999984711413481", "-0.004560113254483891", "0.8814886488474192",], [ "-4.025617472272472e-05", "0.00456000964791725", "0.9999896022916966", "-0.0277551991007546",], [ "0.0", "0.0", "0.0", "1.0",],]
frame_962 = [ [ "0.9999951080245741", "0.003127818941119943", "2.599336351760974e-05", "-0.04547501035308608",], [ "-0.0031276678890021464", "0.9999847114134813", "-0.004560113254483032", "0.8814886488472525",], [ "-4.02561747219893e-05", "0.004560009647916534", "0.9999896022916973", "-0.027755199100868974",], [ "0.0", "0.0", "0.0", "1.0",],]
frame_963 = [ [ "0.9999951080245748", "0.00312781894111941", "2.5993363518749604e-05", "-0.0454750103533071",], [ "-0.0031276678890021082", "0.9999847114134813", "-0.004560113254483075", "0.8814886488472609",], [ "-4.025617472286103e-05", "0.0045600096479167995", "0.9999896022916972", "-0.027755199100840275",], [ "0.0", "0.0", "0.0", "1.0",],]
frame_964 = [ [ "0.9999951080245753", "0.003127818941119711", "2.599336351811646e-05", "-0.0454750103531836",], [ "-0.003127667889002484", "0.9999847114134816", "-0.004560113254484131", "0.8814886488474659",], [ "-4.02561747220632e-05", "0.004560009647918088", "0.9999896022916974", "-0.027755199100839185",], [ "0.0", "0.0", "0.0", "1.0",],]
