frame_842 = [ [ "1.0", "0.0", "0.0", "0.0",], [ "0.0", "1.0", "0.0", "0.0",], [ "0.0", "0.0", "1.0", "0.0",], [ "0.0", "0.0", "0.0", "1.0",],]
frame_843 = [ [ "0.9997854843796162", "0.019041042863384802", "-0.008150086532773677", "1.4943128743298983",], [ "-0.01875591926967889", "0.9992547490266176", "0.033736657215871754", "-6.52293167719701",], [ "0.0087863938089667", "-0.03357655781086986", "0.9993975255369639", "0.16418365030687387",], [ "0.0", "0.0", "0.0", "1.0",],]
frame_844 = [ [ "0.9997854843796165", "0.019041042863384684", "-0.008150086532775136", "1.4943128743301828",], [ "-0.01875591926967869", "0.999254749026618", "0.033736657215871345", "-6.522931677196931",], [ "0.008786393808968115", "-0.03357655781086984", "0.9993975255369635", "0.16418365030696136",], [ "0.0", "0.0", "0.0", "1.0",],]
frame_845 = [ [ "0.9998047946109231", "0.018230832631624432", "-0.007616391177458055", "1.3923868170254659",], [ "-0.01796513948538668", "0.9992736724823807", "0.033606267969651084", "-6.500356528474661",], [ "0.008223529429689088", "-0.033462878315159046", "0.999406128327509", "0.1643866848701676",], [ "0.0", "0.0", "0.0", "1.0",],]
frame_846 = [ [ "0.999804794610923", "0.018230832631624477", "-0.007616391177461186", "1.3923868170260751",], [ "-0.017965139485386493", "0.9992736724823807", "0.033606267969650994", "-6.500356528474645",], [ "0.008223529429692164", "-0.03346287831515902", "0.9994061283275083", "0.1643866848702574",], [ "0.0", "0.0", "0.0", "1.0",],]
frame_847 = [ [ "0.9998047946109234", "0.018230832631624058", "-0.0076163911774568905", "1.3923868170252398",], [ "-0.017965139485386278", "0.9992736724823812", "0.033606267969649425", "-6.50035652847434",], [ "0.00822352942968784", "-0.03346287831515777", "0.9994061283275082", "0.16438668487027122",], [ "0.0", "0.0", "0.0", "1.0",],]
frame_848 = [ [ "0.9998127275495258", "0.017845190529058585", "-0.00748725617031165", "1.3685949985774495",], [ "-0.017583353671057057", "0.9992776710088326", "0.03368919555057452", "-6.517105905911075",], [ "0.00808303802148612", "-0.03355123541910217", "0.9994043121270743", "0.16522823765960967",], [ "0.0", "0.0", "0.0", "1.0",],]
frame_849 = [ [ "0.9998201310832708", "0.017523492275487166", "-0.007254839702053014", "1.3242423548822242",], [ "-0.017259522122864572", "0.9992391234189751", "0.03497546461407164", "-6.768141817275875",], [ "0.0078622119484208", "-0.034843958548804954", "0.9993618384628878", "0.17733129680806262",], [ "0.0", "0.0", "0.0", "1.0",],]
frame_850 = [ [ "0.9998221639866102", "0.017501587860399737", "-0.007023875247885461", "1.2790721855705505",], [ "-0.01724578175543153", "0.9992398311684272", "0.034962019651885536", "-6.7655297992396495",], [ "0.00763042677555959", "-0.034834669926089086", "0.9993639589050424", "0.17724817024964043",], [ "0.0", "0.0", "0.0", "1.0",],]
frame_851 = [ [ "0.999813617864115", "0.01859492743322218", "-0.00519212935359504", "0.9176948858410687",], [ "-0.018412746224555358", "0.9992800810677532", "0.03317062492169706", "-6.412488611442733",], [ "0.005805196804708291", "-0.03306884114962328", "0.999436216791785", "0.1641908774049564",], [ "0.0", "0.0", "0.0", "1.0",],]
frame_852 = [ [ "0.9998066191551885", "0.018929951235533864", "-0.005327404592668316", "0.9430518858128737",], [ "-0.01874782261526763", "0.9992997950881108", "0.03237960290132531", "-6.258217286441203",], [ "0.005936618621752929", "-0.03227346407005894", "0.9994614450173935", "0.15698090959438785",], [ "0.0", "0.0", "0.0", "1.0",],]
frame_853 = [ [ "0.9998103860473693", "0.018853610898112102", "-0.004871684299652313", "0.8546092017711701",], [ "-0.01868723421153454", "0.999306843693661", "0.032196574732988835", "-6.222706933416134",], [ "0.0054753291532252885", "-0.03209943150768046", "0.9994696830157209", "0.15550888351172967",], [ "0.0", "0.0", "0.0", "1.0",],]
frame_854 = [ [ "0.9998189451369279", "0.01782018707443567", "-0.0066721719039215584", "1.2096867737685724",], [ "-0.017584151784025337", "0.9992703737541732", "0.03390453868190728", "-6.559427433673139",], [ "0.00727148893416779", "-0.03378107561681135", "0.9994028038678147", "0.16728774937529148",], [ "0.0", "0.0", "0.0", "1.0",],]
frame_855 = [ [ "0.9998152338972457", "0.018022475870790252", "-0.006684940574567816", "1.2115958884085871",], [ "-0.017790580950885666", "0.9992883086532779", "0.033262161960729175", "-6.43361296356205",], [ "0.007279649471555124", "-0.033137087264251", "0.9994243043628726", "0.16126479553494152",], [ "0.0", "0.0", "0.0", "1.0",],]
frame_856 = [ [ "0.9998094478011245", "0.018193513972721596", "-0.007075601524885484", "1.2869088677001816",], [ "-0.017943440067799063", "0.9992630717045821", "0.0339314969616507", "-6.563902740818264",], [ "0.007687720478001842", "-0.03379807060838819", "0.9993991141566029", "0.16808403657460466",], [ "0.0", "0.0", "0.0", "1.0",],]
frame_857 = [ [ "0.9998279254101953", "0.017162342257743803", "-0.007040850671458743", "1.2839980941612672",], [ "-0.016961926518484723", "0.9994751326094387", "0.02759986130629972", "-5.336613386037197",], [ "0.0075108334245444575", "-0.02747568567976952", "0.9995942547242338", "0.11287922611508547",], [ "0.0", "0.0", "0.0", "1.0",],]
frame_858 = [ [ "0.9998396777415326", "0.016597794190499476", "-0.006718038532498378", "1.2229545353394704",], [ "-0.016400847678521253", "0.9994626528158799", "0.028379884102502365", "-5.489122009226751",], [ "0.007185472088893711", "-0.028265152648717585", "0.9995746346004416", "0.11925937123880759",], [ "0.0", "0.0", "0.0", "1.0",],]
frame_859 = [ [ "0.9998396777415328", "0.016597794190499462", "-0.006718038532497838", "1.2229545353393658",], [ "-0.016400847678521374", "0.9994626528158794", "0.028379884102504555", "-5.489122009227174",], [ "0.007185472088893223", "-0.02826515264871964", "0.9995746346004416", "0.11925937123881819",], [ "0.0", "0.0", "0.0", "1.0",],]
frame_860 = [ [ "0.9998496372583758", "0.01578451660079143", "-0.007179965876001491", "1.3159165970361286",], [ "-0.015589901297238631", "0.9995299292684797", "0.02639839908194385", "-5.104172322388468",], [ "0.007593276752733255", "-0.026282494786957943", "0.9996257162638094", "0.10227212487356663",], [ "0.0", "0.0", "0.0", "1.0",],]
frame_861 = [ [ "0.9998371566486296", "0.016660729383528763", "-0.006933994606300174", "1.2643640343328002",], [ "-0.016430174535707557", "0.9993504113720887", "0.03207498488171684", "-6.204508583408413",], [ "0.007463883005353092", "-0.031955834942071326", "0.9994614124935698", "0.14994438397226123",], [ "0.0", "0.0", "0.0", "1.0",],]
frame_862 = [ [ "0.9998310523180881", "0.01715413145413119", "-0.006603226072768016", "1.1984458382589342",], [ "-0.016923817854440845", "0.9992959872446684", "0.033483044454380606", "-6.478069512438568",], [ "0.0071729498634415375", "-0.033365635776328284", "0.999417471900259", "0.16329818779169028",], [ "0.0", "0.0", "0.0", "1.0",],]
frame_863 = [ [ "0.9998333118329507", "0.017484908281602745", "-0.005256094705060264", "0.9377727957196967",], [ "-0.017283198605339934", "0.9991935852358775", "0.03624183038208192", "-7.015428510752622",], [ "0.005885541192876713", "-0.03614494716912782", "0.9993292266310515", "0.19036859079124627",], [ "0.0", "0.0", "0.0", "1.0",],]
frame_864 = [ [ "0.9998160595445954", "0.01862279616671783", "-0.004586778789444406", "0.8036557387837016",], [ "-0.018455370510459368", "0.9992453492040098", "0.034177937232662055", "-6.609540587104274",], [ "0.0052198061316628165", "-0.03408699982531243", "0.9994052381626122", "0.1720058430694567",], [ "0.0", "0.0", "0.0", "1.0",],]
frame_865 = [ [ "0.9998096978431885", "0.018867942825794373", "-0.004956695698379255", "0.8742639370740947",], [ "-0.01868523121715301", "0.9992254874107359", "0.03463072975175646", "-6.697437201501323",], [ "0.005606267304131572", "-0.034531522443993885", "0.9993878845196316", "0.17678892304981275",], [ "0.0", "0.0", "0.0", "1.0",],]
frame_866 = [ [ "0.9997936379917243", "0.01930358721985373", "-0.006328740137800591", "1.1387387152336983",], [ "-0.019101591353286047", "0.9993504333223625", "0.03055880603327248", "-5.90354243579937",], [ "0.0069145237766937455", "-0.030431610848793773", "0.999512934594696", "0.13838415150388075",], [ "0.0", "0.0", "0.0", "1.0",],]
frame_867 = [ [ "0.999812661461665", "0.018203387664308783", "-0.006578651723435416", "1.189524357370124",], [ "-0.017970287185872947", "0.9992634376474587", "0.03390650320280677", "-6.559123491111327",], [ "0.007191019358387539", "-0.033781930947288805", "0.9994033571997203", "0.16770126029273805",], [ "0.0", "0.0", "0.0", "1.0",],]
frame_868 = [ [ "0.9998168771128649", "0.018062006679622537", "-0.0063226699264551265", "1.139945263192253",], [ "-0.017832859788155787", "0.9992423296063739", "0.034594158966576714", "-6.693276261167805",], [ "0.006942719356973704", "-0.034475072698021615", "0.9993814426986369", "0.17449815182082232",], [ "0.0", "0.0", "0.0", "1.0",],]
frame_869 = [ [ "0.9998450707500647", "0.016365349378049572", "-0.006481499560158686", "1.1775290914372778",], [ "-0.016147125110405027", "0.9993445472143411", "0.032399788635649206", "-6.2685619395157275",], [ "0.007007485104014443", "-0.0322901113763953", "0.999453972857094", "0.15324279546180164",], [ "0.0", "0.0", "0.0", "1.0",],]
frame_870 = [ [ "0.9998448197297122", "0.016251642842529154", "-0.006798570775924576", "1.239917485035864",], [ "-0.016022529343026923", "0.9993434146920799", "0.03249643157377615", "-6.287221263753244",], [ "0.007322227333832319", "-0.03238245846899162", "0.999448728735191", "0.15385007608872442",], [ "0.0", "0.0", "0.0", "1.0",],]
frame_871 = [ [ "0.9998448197297133", "0.016251642842528766", "-0.0067985707759242895", "1.2399174850358081",], [ "-0.016022529343026996", "0.9993434146920797", "0.03249643157377433", "-6.28722126375289",], [ "0.00732222733383201", "-0.03238245846898945", "0.9994487287351923", "0.15385007608842607",], [ "0.0", "0.0", "0.0", "1.0",],]
frame_872 = [ [ "0.9998504052753652", "0.015781563176529814", "-0.0070787947005824135", "1.2970792588599411",], [ "-0.015542053377498083", "0.999344313956106", "0.03270147917775362", "-6.328073187482754",], [ "0.007590233693299729", "-0.03258656820389372", "0.9994400952159121", "0.15593898958875524",], [ "0.0", "0.0", "0.0", "1.0",],]
frame_873 = [ [ "0.9998396982953511", "0.01684345770694686", "-0.006072532021573386", "1.098384471809212",], [ "-0.016634703689346365", "0.9993192916958823", "0.03292779794655717", "-6.370873568820351",], [ "0.006623016370695411", "-0.032821504793590785", "0.9994392850379925", "0.15807705822845577",], [ "0.0", "0.0", "0.0", "1.0",],]
frame_874 = [ [ "0.9998396982953505", "0.016843457706947076", "-0.006072532021575047", "1.098384471809536",], [ "-0.016634703689346258", "0.999319291695883", "0.032927797946556495", "-6.3708735688202225",], [ "0.006623016370696991", "-0.032821504793590396", "0.9994392850379927", "0.15807705822839835",], [ "0.0", "0.0", "0.0", "1.0",],]
frame_875 = [ [ "0.9998448182388654", "0.016594950119818267", "-0.005911604809839706", "1.0673370412927883",], [ "-0.01639223820772879", "0.9993265095633278", "0.03283019662627953", "-6.352714169774379",], [ "0.0064524388759721685", "-0.03272819754431369", "0.9994434606910337", "0.1576480136333362",], [ "0.0", "0.0", "0.0", "1.0",],]
frame_876 = [ [ "0.9998654497733304", "0.015678220938597262", "-0.004824493527189331", "0.8590909959601377",], [ "-0.015516578244614512", "0.9993708457795294", "0.03189276415565746", "-6.171856350321723",], [ "0.00532147997950038", "-0.03181361334570364", "0.9994796525476325", "0.14958329159442726",], [ "0.0", "0.0", "0.0", "1.0",],]
frame_877 = [ [ "0.9998701182248917", "0.015147414238029603", "-0.005504772734724763", "0.9919009242186252",], [ "-0.014967214480718201", "0.999394160355193", "0.031421246611600055", "-6.080131712130324",], [ "0.0059773883634680345", "-0.03133477445012311", "0.9994910718653425", "0.14458935009698504",], [ "0.0", "0.0", "0.0", "1.0",],]
frame_878 = [ [ "0.9998973238384031", "0.01417331922729702", "-0.002111587767084839", "0.33792467645241797",], [ "-0.014096172808869547", "0.9993587174991525", "0.032915827053147974", "-6.372917321612043",], [ "0.0025767601672559673", "-0.03288268207630191", "0.9994558967390854", "0.16272945199773292",], [ "0.0", "0.0", "0.0", "1.0",],]
frame_879 = [ [ "0.9998939627962928", "0.014222326572067246", "-0.003128672309719745", "0.5356087597307961",], [ "-0.014116061432812108", "0.99939758657384", "0.03170490119854976", "-6.1370267231153655",], [ "0.0035777050142956337", "-0.03165737476895307", "0.9994923764839778", "0.14993796497826048",], [ "0.0", "0.0", "0.0", "1.0",],]
frame_880 = [ [ "0.9998939627962927", "0.01422232657206757", "-0.003128672309719866", "0.5356087597308195",], [ "-0.014116061432812247", "0.9993975865738399", "0.031704901198549164", "-6.137026723115246",], [ "0.0035777050142957478", "-0.03165737476895242", "0.999492376483978", "0.14993796497811443",], [ "0.0", "0.0", "0.0", "1.0",],]
frame_881 = [ [ "0.999893962796293", "0.014222326572067684", "-0.0031286723097204996", "0.5356087597309406",], [ "-0.014116061432812098", "0.99939758657384", "0.03170490119855065", "-6.1370267231155395",], [ "0.003577705014296373", "-0.03165737476895386", "0.999492376483978", "0.14993796497806683",], [ "0.0", "0.0", "0.0", "1.0",],]
frame_882 = [ [ "0.9998887836172207", "0.014714132111264067", "-0.002432018237221962", "0.3972430709168375",], [ "-0.014624974268027826", "0.9993376706657516", "0.03332161634749417", "-6.450971549093239",], [ "0.0029207061053002905", "-0.03328234223371394", "0.9994417217483503", "0.16645642796723564",], [ "0.0", "0.0", "0.0", "1.0",],]
frame_883 = [ [ "0.9998679064168868", "0.015447246116295306", "-0.005054928778028736", "0.9013884080809426",], [ "-0.015277200837460812", "0.9993676912622685", "0.03210646034201694", "-6.212729770360895",], [ "0.005547688897220386", "-0.032024994122465414", "0.999471671884389", "0.15185246486885254",], [ "0.0", "0.0", "0.0", "1.0",],]
frame_884 = [ [ "0.9998687908498511", "0.015395140602435258", "-0.005038921541856278", "0.8985210671040641",], [ "-0.01522472614760932", "0.9993632081337697", "0.03227051196229538", "-6.244937798808165",], [ "0.005532521866576367", "-0.032189561575289086", "0.9994664693362187", "0.15380156190024316",], [ "0.0", "0.0", "0.0", "1.0",],]
frame_885 = [ [ "0.9998733005797169", "0.014844588188562723", "-0.005746389244992668", "1.0383313199431408",], [ "-0.01466322785668432", "0.9994299077191078", "0.03041133514655884", "-5.883790030388527",], [ "0.006194557019356566", "-0.030323221433170126", "0.9995209501082367", "0.13675103661862364",], [ "0.0", "0.0", "0.0", "1.0",],]
frame_886 = [ [ "0.9998712032941499", "0.015056896399628188", "-0.005555780227886675", "1.0005131453452094",], [ "-0.014878732518063239", "0.9994140461198878", "0.03082511535953299", "-5.964067103469939",], [ "0.006016655365380638", "-0.030738482218274212", "0.9995093524170522", "0.14047565387180427",], [ "0.0", "0.0", "0.0", "1.0",],]
frame_887 = [ [ "0.9998712032941499", "0.015056896399628386", "-0.0055557802278893755", "1.000513145345735",], [ "-0.014878732518063261", "0.9994140461198876", "0.030825115359533983", "-5.964067103470132",], [ "0.006016655365383373", "-0.030738482218275107", "0.9995093524170519", "0.1404756538718126",], [ "0.0", "0.0", "0.0", "1.0",],]
frame_888 = [ [ "0.9998428767288647", "0.016789052778430638", "-0.005687667481026334", "1.0195590616142065",], [ "-0.0165973644869845", "0.9993429381804259", "0.03222141215089863", "-6.233002118629835",], [ "0.0062248973210796525", "-0.032121949126953965", "0.99946457217735", "0.15180727081581724",], [ "0.0", "0.0", "0.0", "1.0",],]
frame_889 = [ [ "0.9998312541770203", "0.01729043280908004", "-0.006205167532332203", "1.1192942230202216",], [ "-0.017080760298031558", "0.9993294698689157", "0.03238608156528495", "-6.263749560194682",], [ "0.0067609761477877735", "-0.0322746275700655", "0.9994561709333586", "0.15207999865016567",], [ "0.0", "0.0", "0.0", "1.0",],]
frame_890 = [ [ "0.9998473581041735", "0.016577482568657115", "-0.005517931117289349", "0.9887048544124039",], [ "-0.016367291837921554", "0.9992113977156167", "0.03617588192562368", "-7.004842688354698",], [ "0.006113284716233549", "-0.03608004638148108", "0.999330204688679", "0.18995333862077254",], [ "0.0", "0.0", "0.0", "1.0",],]
frame_891 = [ [ "0.9998519864203231", "0.016211190621823284", "-0.0057621653899197", "1.0376176808650308",], [ "-0.01599569631413871", "0.9992359757253164", "0.03565953611169773", "-6.904833171650276",], [ "0.006335846493080129", "-0.03556208816841517", "0.9993473845136865", "0.18469028972247814",], [ "0.0", "0.0", "0.0", "1.0",],]
frame_892 = [ [ "0.9998539097224478", "0.016101536652671677", "-0.005735828639530226", "1.0328525500213819",], [ "-0.015887013681065917", "0.9992375236731526", "0.035664745615858834", "-6.9060412486689735",], [ "0.0063057124147202805", "-0.035568410155200236", "0.9993473501190678", "0.18476679017715164",], [ "0.0", "0.0", "0.0", "1.0",],]
frame_893 = [ [ "0.9998832570997931", "0.014325589066066768", "-0.005315041810007313", "0.957429209893553",], [ "-0.014131820036044629", "0.9992922973807763", "0.03485966233226411", "-6.752358753156145",], [ "0.005810665538551534", "-0.0347804814998359", "0.9993780837464209", "0.17723397214341272",], [ "0.0", "0.0", "0.0", "1.0",],]
frame_894 = [ [ "0.9998736342557775", "0.014851962859183436", "-0.005668749367903281", "1.0222720821703681",], [ "-0.014676315326924998", "0.999446289375252", "0.029861688205218475", "-5.776229437495081",], [ "0.006109115205286176", "-0.02977471835752797", "0.9995379656912333", "0.13145673719791867",], [ "0.0", "0.0", "0.0", "1.0",],]
frame_895 = [ [ "0.9998741941135275", "0.014818210892570988", "-0.005658318813102993", "1.0205806386307774",], [ "-0.014647427413169585", "0.9994686863425299", "0.029116969123063847", "-5.631336946910432",], [ "0.006086773860057831", "-0.029030426222852103", "0.9995599959668894", "0.12406732139215966",], [ "0.0", "0.0", "0.0", "1.0",],]
frame_896 = [ [ "0.9998750468789988", "0.01478019242122949", "-0.0056068298293034165", "1.0118349792876131",], [ "-0.014617312548913807", "0.9994994571652667", "0.02805653756586968", "-5.425728378192437",], [ "0.00601870439470431", "-0.027971075029908556", "0.9995906132808129", "0.11497308473312398",], [ "0.0", "0.0", "0.0", "1.0",],]
frame_897 = [ [ "0.999851177271746", "0.015789197855725755", "-0.006951585387418979", "1.270944742271429",], [ "-0.01558351044683467", "0.9994663029462607", "0.028709989151641097", "-5.5513012768441365",], [ "0.007401183045930413", "-0.02859738634921617", "0.9995636107739945", "0.11993754502942286",], [ "0.0", "0.0", "0.0", "1.0",],]
frame_898 = [ [ "0.9998550130782758", "0.01586129899581893", "-0.0061945150276942655", "1.1225828597048149",], [ "-0.015672318971009347", "0.9994434044085111", "0.029449275074206423", "-5.695970763404894",], [ "0.006658170945101141", "-0.029347922899077238", "0.9995470815230298", "0.1254155653553836",], [ "0.0", "0.0", "0.0", "1.0",],]
frame_899 = [ [ "0.9998517980549197", "0.015810567793735228", "-0.006812332376457243", "1.2435531753250606",], [ "-0.01558399347570405", "0.9993625505893332", "0.032119022820309165", "-6.21731267518775",], [ "0.007315809846968261", "-0.03200809937533976", "0.999460834900844", "0.1480769334606539",], [ "0.0", "0.0", "0.0", "1.0",],]
frame_900 = [ [ "0.9998543579153558", "0.015760229419387643", "-0.006548139151194898", "1.1928707267115937",], [ "-0.015544556352188158", "0.9993741327342022", "0.03177592783185408", "-6.150734892283699",], [ "0.007044836797892838", "-0.031669512001441094", "0.9994735675765083", "0.1449788580248702",], [ "0.0", "0.0", "0.0", "1.0",],]
frame_901 = [ [ "0.999858533682165", "0.015465316256824527", "-0.006613366468810296", "1.2063928524564003",], [ "-0.015246055981662402", "0.999371263105115", "0.032009939967009945", "-6.196693718850209",], [ "0.007104252246264334", "-0.03190458388325351", "0.9994656708098033", "0.14770339287803608",], [ "0.0", "0.0", "0.0", "1.0",],]
frame_902 = [ [ "0.9998688107531926", "0.015068291902306715", "-0.005942041919040765", "1.0769402142312954",], [ "-0.014870374135367737", "0.9993755494028588", "0.03205281935822173", "-6.2055767236826345",], [ "0.006421312645798327", "-0.03196025398652364", "0.999468513215426", "0.14851092886911818",], [ "0.0", "0.0", "0.0", "1.0",],]
frame_903 = [ [ "0.9999497155228344", "0.009945424722517757", "-0.0012864497335993857", "0.18929042347885222",], [ "-0.009894022444470945", "0.9993320342985597", "0.03517944775820847", "-6.822696710695549",], [ "0.0016354649787603496", "-0.03516495061552814", "0.9993801836651284", "0.1841526651481426",], [ "0.0", "0.0", "0.0", "1.0",],]
frame_904 = [ [ "0.9999428640946076", "0.01057666822880398", "-0.0015500437017597736", "0.23875659543175573",], [ "-0.010522243953118729", "0.9994422468152157", "0.03169349559681651", "-6.141637128763131",], [ "0.001884390747887779", "-0.031675374822277745", "0.9994964330608758", "0.15126885566916834",], [ "0.0", "0.0", "0.0", "1.0",],]
frame_905 = [ [ "0.9999441913671131", "0.010463088816190506", "-0.0014621640200394958", "0.2218252458582874",], [ "-0.010410585472339506", "0.9994270525486019", "0.03220537756555109", "-6.241718677415577",], [ "0.0017982940027185838", "-0.03218835824394783", "0.9994802027715587", "0.1562750852962785",], [ "0.0", "0.0", "0.0", "1.0",],]
frame_906 = [ [ "0.9999426780692445", "0.010637643426706651", "-0.0012170119395588548", "0.1730939202680104",], [ "-0.01059320457210412", "0.9994305655786213", "0.03203636377765597", "-6.208380410009783",], [ "0.0015571103456247974", "-0.03202163533498273", "0.9994859630219342", "0.15477064607008198",], [ "0.0", "0.0", "0.0", "1.0",],]
frame_907 = [ [ "0.9999305988086319", "0.011744883961443428", "0.0009248064499551479", "-0.24963784368985087",], [ "-0.011764039912703158", "0.9996298327588783", "0.024531710567963046", "-4.743140446441968",], [ "-0.0006363420229059341", "-0.0245408874980078", "0.9996986245412549", "0.09508883709805427",], [ "0.0", "0.0", "0.0", "1.0",],]
frame_908 = [ [ "0.999941231501724", "0.01080472947050539", "-0.0008895863714693027", "0.10781259210171928",], [ "-0.010778389004999243", "0.9996134651454327", "0.025627068314556075", "-4.96000786262289",], [ "0.001166136055592102", "-0.02561597394226635", "0.999671176940561", "0.09749831344827703",], [ "0.0", "0.0", "0.0", "1.0",],]
frame_909 = [ [ "0.9999409576624407", "0.010813476794571382", "-0.0010723379890337566", "0.14328504098380385",], [ "-0.01078084334116745", "0.9995823127471345", "0.026813680462480706", "-5.190614573417282",], [ "0.0013618391985837106", "-0.02680053661223454", "0.9996398734701072", "0.10703883325130405",], [ "0.0", "0.0", "0.0", "1.0",],]
frame_910 = [ [ "0.9998923602510184", "0.01463815033517496", "-0.0009962260998823149", "0.11930916748494473",], [ "-0.014604643983066278", "0.9995035568380868", "0.02791673767014033", "-5.400035005962993",], [ "0.001404380933131139", "-0.027899183191985262", "0.9996097555003419", "0.11701724431098338",], [ "0.0", "0.0", "0.0", "1.0",],]
frame_911 = [ [ "0.999892360251019", "0.014638150335174887", "-0.000996226099880335", "0.1193091674845584",], [ "-0.014604643983066403", "0.9995035568380862", "0.02791673767014323", "-5.400035005963557",], [ "0.0014043809331292316", "-0.02789918319198815", "0.9996097555003425", "0.11701724431091332",], [ "0.0", "0.0", "0.0", "1.0",],]
frame_912 = [ [ "0.9999397020755587", "0.010828815252127562", "-0.001824547426518705", "0.29256839950690094",], [ "-0.010767284253528913", "0.9994644453388339", "0.030901263620491462", "-5.98699917655145",], [ "0.0021581943564442925", "-0.030879754917652245", "0.9995207766391799", "0.1437353608843909",], [ "0.0", "0.0", "0.0", "1.0",],]
frame_913 = [ [ "0.9999144087030067", "0.01280884881450585", "-0.0026662070807393907", "0.45056397586183466",], [ "-0.012742590506271393", "0.9996417084083224", "0.023538929408145247", "-4.5535483958342375",], [ "0.002966758389205709", "-0.023502940295607986", "0.9997193656932754", "0.08225968074933361",], [ "0.0", "0.0", "0.0", "1.0",],]
frame_914 = [ [ "0.9999144087030074", "0.012808848814505896", "-0.0026662070807417205", "0.45056397586228647",], [ "-0.012742590506271575", "0.9996417084083221", "0.023538929408144345", "-4.553548395834059",], [ "0.0029667583892081014", "-0.02350294029560686", "0.9997193656932755", "0.0822596807493297",], [ "0.0", "0.0", "0.0", "1.0",],]
frame_915 = [ [ "0.9999056721598908", "0.013596915221238516", "-0.0019418236223979182", "0.3066735163101334",], [ "-0.013550328101889395", "0.999660159053864", "0.022270047344729944", "-4.305276311344375",], [ "0.002243967656940959", "-0.022241634312060415", "0.9997501059326415", "0.0733116025320844",], [ "0.0", "0.0", "0.0", "1.0",],]
frame_916 = [ [ "0.9999030509117751", "0.013873329394003318", "-0.0011914314450312486", "0.16006680433735437",], [ "-0.013846314526307676", "0.9996982954085534", "0.0202878715313782", "-3.9193801651474276",], [ "0.001472532309152807", "-0.02026940770620171", "0.9997934700526329", "0.05933494810111224",], [ "0.0", "0.0", "0.0", "1.0",],]
frame_917 = [ [ "0.9998972756452977", "0.014275867952226478", "-0.0012797466002905829", "0.17565674327184766",], [ "-0.01424706416667985", "0.9996937431647754", "0.020234649486310805", "-3.9083774714550734",], [ "0.0015682218532739208", "-0.0202143382630633", "0.9997944394768621", "0.058733437695001174",], [ "0.0", "0.0", "0.0", "1.0",],]
frame_918 = [ [ "0.9998922186736524", "0.014642790939429271", "-0.0010675717419486013", "0.13327309167769782",], [ "-0.014617576588170667", "0.9996790353744821", "0.02069185074945201", "-3.997013185184584",], [ "0.0013702155338592183", "-0.020674015242627287", "0.9997853307601524", "0.062242975860762544",], [ "0.0", "0.0", "0.0", "1.0",],]
frame_919 = [ [ "0.999880680224166", "0.015196412016950028", "-0.0027738738819867987", "0.46275816187403385",], [ "-0.015159979582761007", "0.9998042475076843", "0.01271383831299261", "-2.4408107307209064",], [ "0.002966535614582996", "-0.012670269429234403", "0.9999153283849035", "0.0059052455446518045",], [ "0.0", "0.0", "0.0", "1.0",],]
frame_920 = [ [ "0.9998834021964842", "0.015009093637322196", "-0.0028123158097333126", "0.47059628287408783",], [ "-0.014972969790238379", "0.9998103426996774", "0.012453465638904815", "-2.390422013023859",], [ "0.002998697665393525", "-0.01240990487250081", "0.9999184977153983", "0.004438964388679462",], [ "0.0", "0.0", "0.0", "1.0",],]
frame_921 = [ [ "0.9998804075781424", "0.015214828903269285", "-0.002771195203788595", "0.46259931941306487",], [ "-0.015175421651580407", "0.9997906337004131", "0.013725718291893535", "-2.6381915114528445",], [ "0.002979449464289859", "-0.01368202274430012", "0.9999019577611438", "0.01148191436663025",], [ "0.0", "0.0", "0.0", "1.0",],]
frame_922 = [ [ "0.9999078450566155", "0.013351181650854116", "-0.002459134564719054", "0.406763777694345",], [ "-0.013314471843733553", "0.9998078954818752", "0.014383913640985211", "-2.7692229826463532",], [ "0.0026507043977303676", "-0.014349846014311357", "0.9998935221740441", "0.01577237963496006",], [ "0.0", "0.0", "0.0", "1.0",],]
frame_923 = [ [ "0.9999062369213552", "0.013500688776299615", "-0.0022910190715795336", "0.3741420300978297",], [ "-0.01345764417121085", "0.9997498355981977", "0.01786499467516474", "-3.4476472698920997",], [ "0.0025316356732645543", "-0.01783248787880447", "0.9998377834413562", "0.03853654939993984",], [ "0.0", "0.0", "0.0", "1.0",],]
frame_924 = [ [ "0.9999062369213552", "0.013500688776299582", "-0.002291019071578915", "0.37414203009770897",], [ "-0.013457644171211034", "0.9997498355981971", "0.017864994675167414", "-3.447647269892618",], [ "0.0025316356732639784", "-0.01783248787880691", "0.9998377834413567", "0.038536549399891144",], [ "0.0", "0.0", "0.0", "1.0",],]
frame_925 = [ [ "0.9998942787346551", "0.014296413915807858", "-0.002654035210706304", "0.44259023781133217",], [ "-0.014248351535123488", "0.999748440393396", "0.01732167455842227", "-3.3405586547911086",], [ "0.002901005391855896", "-0.01728202766239597", "0.9998464460544179", "0.03459936500764476",], [ "0.0", "0.0", "0.0", "1.0",],]
frame_926 = [ [ "0.9998942787346569", "0.01429641391580778", "-0.0026540352107077446", "0.44259023781160645",], [ "-0.014248351535123712", "0.9997484403933965", "0.01732167455842078", "-3.3405586547908177",], [ "0.002901005391857353", "-0.01728202766239425", "0.9998464460544194", "0.03459936500729864",], [ "0.0", "0.0", "0.0", "1.0",],]
frame_927 = [ [ "0.999900451276476", "0.013795206595743912", "-0.0029630747770287894", "0.5051822039302115",], [ "-0.013734875408705481", "0.9997155477284605", "0.019498123691685045", "-3.7648375693723186",], [ "0.0032312125682349515", "-0.019455485215465262", "0.9998055027656286", "0.049434566372778654",], [ "0.0", "0.0", "0.0", "1.0",],]
frame_928 = [ [ "0.9999078829328458", "0.0133836726897381", "-0.002258971921561481", "0.3697723564318098",], [ "-0.013349382454578453", "0.9998047748847945", "0.014567295756287756", "-2.805291887906198",], [ "0.0024534948318856694", "-0.014535797979585674", "0.9998913395665887", "0.017871990149564164",], [ "0.0", "0.0", "0.0", "1.0",],]
frame_929 = [ [ "0.9999037067220841", "0.013649197654927983", "-0.0025053316882890715", "0.41708836357297163",], [ "-0.013610453141288392", "0.9997966487659126", "0.01488007667130315", "-2.8656802199848763",], [ "0.0027079233336066246", "-0.014844545120392133", "0.9998861468344538", "0.019322464033810206",], [ "0.0", "0.0", "0.0", "1.0",],]
frame_930 = [ [ "0.9999042838641563", "0.013596579736470573", "-0.002560494021414937", "0.42776486284950505",], [ "-0.013557225858347132", "0.9997984676501629", "0.01480627270510277", "-2.851708792028609",], [ "0.0027612926664739457", "-0.014770142310130354", "0.999887102706606", "0.018652775551591744",], [ "0.0", "0.0", "0.0", "1.0",],]
frame_931 = [ [ "0.9998857453251905", "0.014434966411980466", "-0.004486428449305104", "0.7991878891035381",], [ "-0.014364079487851794", "0.9997774592233327", "0.015450088977444137", "-2.975432123749524",], [ "0.004708451551486095", "-0.015383880317684442", "0.9998705749797923", "0.019840934782914904",], [ "0.0", "0.0", "0.0", "1.0",],]
frame_932 = [ [ "0.9998857453251914", "0.014434966411980384", "-0.004486428449305302", "0.7991878891035737",], [ "-0.014364079487852021", "0.999777459223332", "0.015450088977444262", "-2.975432123749546",], [ "0.0047084515514863425", "-0.015383880317684328", "0.9998705749797927", "0.019840934782801075",], [ "0.0", "0.0", "0.0", "1.0",],]
frame_933 = [ [ "0.9998700024460967", "0.015357626939650785", "-0.004911364707028947", "0.8788965676158655",], [ "-0.015282016674126934", "0.9997695190434362", "0.015078751872554117", "-2.9017376306402873",], [ "0.00514180657696861", "-0.015001736114343437", "0.9998742469624592", "0.017189017402636942",], [ "0.0", "0.0", "0.0", "1.0",],]
frame_934 = [ [ "0.9998846738306308", "0.015043031692274939", "-0.0020847628589157324", "0.3295560356268409",], [ "-0.015007407944818509", "0.9997567444115038", "0.016162602219166544", "-3.113245752661549",], [ "0.0023273902661133565", "-0.016129451361467786", "0.9998672032092016", "0.027574247642228246",], [ "0.0", "0.0", "0.0", "1.0",],]
frame_935 = [ [ "0.9998888987251934", "0.014665619034317848", "-0.002666425419901454", "0.4426868457454184",], [ "-0.01461731493483987", "0.9997432695201863", "0.017312687636254348", "-3.3376138031808464",], [ "0.0029196421485586876", "-0.01727178819446889", "0.9998465687406012", "0.03424363137366991",], [ "0.0", "0.0", "0.0", "1.0",],]
frame_936 = [ [ "0.9998821462528016", "0.015227138068374302", "-0.0019564946198095253", "0.3034618557095542",], [ "-0.015190751732444734", "0.9997326475193791", "0.017431997754201324", "-3.360095208351803",], [ "0.002221410982731621", "-0.017400222703903356", "0.9998461369546637", "0.03574682015191102",], [ "0.0", "0.0", "0.0", "1.0",],]
frame_937 = [ [ "0.999828739697911", "0.016414024898720812", "-0.008548161250870039", "1.5788144999584988",], [ "-0.016295871086537503", "0.9997731724841152", "0.013713065542953732", "-2.634399019101474",], [ "0.008771308891949074", "-0.013571417305429578", "0.9998694318623353", "0.008352792459711381",], [ "0.0", "0.0", "0.0", "1.0",],]
frame_938 = [ [ "0.9998830981311936", "0.014131045821260249", "-0.005839830102338529", "1.0607457336890025",], [ "-0.01401567714107647", "0.9997146157297653", "0.019345487602352638", "-3.7330593868608575",], [ "0.006111535478431126", "-0.019261376905419944", "0.9997958033988086", "0.04434808613652184",], [ "0.0", "0.0", "0.0", "1.0",],]
frame_939 = [ [ "0.999867393340713", "0.015328337210199527", "-0.005498891931929321", "0.9912121446962363",], [ "-0.015245721548492571", "0.9997747725395753", "0.014763880516779673", "-2.8398733694609444",], [ "0.005723959169557834", "-0.014678088152680973", "0.999875887307857", "0.013551933016206646",], [ "0.0", "0.0", "0.0", "1.0",],]
frame_940 = [ [ "0.9998673933407127", "0.015328337210199364", "-0.005498891931928007", "0.9912121446959806",], [ "-0.015245721548492568", "0.9997747725395753", "0.014763880516778282", "-2.839873369460674",], [ "0.005723959169556506", "-0.014678088152679555", "0.9998758873078573", "0.01355193301614442",], [ "0.0", "0.0", "0.0", "1.0",],]
frame_941 = [ [ "0.9998641516392007", "0.015520649932760828", "-0.005548665834830592", "1.0001530767105489",], [ "-0.015413236473014352", "0.9997024982827926", "0.018903625805098682", "-3.6445075379982828",], [ "0.005840411655798595", "-0.018815534879892012", "0.9998059137847418", "0.041312353219857705",], [ "0.0", "0.0", "0.0", "1.0",],]
frame_942 = [ [ "0.9998623809631281", "0.01565772804495495", "-0.0054822155443021384", "0.9872104497458475",], [ "-0.015573442861979186", "0.9997647997828935", "0.015093475163297147", "-2.9037923952051052",], [ "0.005717255655377239", "-0.015006021043240126", "0.999871057847105", "0.015565716536243468",], [ "0.0", "0.0", "0.0", "1.0",],]
frame_943 = [ [ "0.9998566794448038", "0.016490781973400728", "-0.003830754439706301", "0.6637330079779148",], [ "-0.016428907659117094", "0.9997424282853905", "0.015657844014033976", "-3.009335431178235",], [ "0.004087977837527188", "-0.015592664812176148", "0.9998700701797821", "0.024296189333690942",], [ "0.0", "0.0", "0.0", "1.0",],]
frame_944 = [ [ "0.9998589438961196", "0.01636617609282571", "-0.0037736707719696772", "0.6533130150732056",], [ "-0.01630963953770594", "0.9997610431766566", "0.014555143574749513", "-2.7956138124205583",], [ "0.004010981070391619", "-0.014491543272874755", "0.9998869472117786", "0.017437281066941486",], [ "0.0", "0.0", "0.0", "1.0",],]
frame_945 = [ [ "0.9998701281934406", "0.015156371771092022", "-0.005478242531092069", "0.9868804670359739",], [ "-0.015064102734019045", "0.9997502329639775", "0.016508921748592465", "-3.1778615941853143",], [ "0.005727089602255232", "-0.01642425289680427", "0.9998487107365479", "0.028383717205205227",], [ "0.0", "0.0", "0.0", "1.0",],]
frame_946 = [ [ "0.999863542694772", "0.015313031286226826", "-0.006197343200824882", "1.1273371413695383",], [ "-0.01523272069583881", "0.9998019786572697", "0.012804987044905273", "-2.4581375429846655",], [ "0.006392199161842469", "-0.012708837312839167", "0.9998988075020893", "0.0046739423559413774",], [ "0.0", "0.0", "0.0", "1.0",],]
frame_947 = [ [ "0.9998233725812351", "0.017211462478076305", "-0.007549119134983821", "1.3837347732024454",], [ "-0.017027423340806012", "0.9995717028203274", "0.023800793584538134", "-4.5910000060907645",], [ "0.007955532334279272", "-0.023668047664434266", "0.9996882179085157", "0.07736814944821711",], [ "0.0", "0.0", "0.0", "1.0",],]
frame_948 = [ [ "0.999840315207174", "0.017376021167112572", "-0.004173484740997129", "0.7249439678393159",], [ "-0.01723383445318599", "0.9993399121203371", "0.0319802281631591", "-6.184779609615424",], [ "0.004726418995797131", "-0.03190319626192353", "0.9994797882057557", "0.15337339262547178",], [ "0.0", "0.0", "0.0", "1.0",],]
frame_949 = [ [ "0.9998463508262486", "0.01701419731876043", "-0.004218036165870104", "0.7339817579682237",], [ "-0.016866229357291092", "0.9993152656130939", "0.032932206423334484", "-6.370168086645183",], [ "0.004775462989692244", "-0.03285600405160913", "0.9994486870025229", "0.16222774480370514",], [ "0.0", "0.0", "0.0", "1.0",],]
frame_950 = [ [ "0.9998354718365335", "0.017906392082628356", "-0.0028966152773189755", "0.4723447430985467",], [ "-0.01780264794893162", "0.9993109773494195", "0.032567411241377124", "-6.296590619726129",], [ "0.00347778427858855", "-0.032510485562983235", "0.999465343743866", "0.1612035391092557",], [ "0.0", "0.0", "0.0", "1.0",],]
frame_951 = [ [ "0.9998457494716666", "0.017268154277906452", "-0.003207508587952504", "0.5352184966580963",], [ "-0.01715295461263141", "0.9993077051296759", "0.03301343085061972", "-6.384611840348514",], [ "0.0037753690633834146", "-0.03295332026223204", "0.9994497612547639", "0.16593020187380966",], [ "0.0", "0.0", "0.0", "1.0",],]
frame_952 = [ [ "0.9998418581111708", "0.017480296801122362", "-0.0032707785942957496", "0.5482086710436775",], [ "-0.017357003091195724", "0.9992525749697383", "0.03454020642746338", "-6.681368848703623",], [ "0.0038721069924314146", "-0.034477973259798275", "0.9993979568457255", "0.17964451471953466",], [ "0.0", "0.0", "0.0", "1.0",],]
frame_953 = [ [ "0.9998248228110009", "0.018488385768187933", "-0.002916038871996181", "0.4769891626376589",], [ "-0.018374243391579496", "0.9992100197571588", "0.035238098653271446", "-6.816165898454036",], [ "0.0035652308205405274", "-0.03517834573422182", "0.9993746910546993", "0.1860937110224519",], [ "0.0", "0.0", "0.0", "1.0",],]
frame_954 = [ [ "0.9998125717589158", "0.019062945952798758", "-0.0033801545068095095", "0.5644413962498506",], [ "-0.018938429758507496", "0.9992533325125237", "0.033676599307369576", "-6.511382332424558",], [ "0.004019605847808531", "-0.033606272542886846", "0.9994270664809306", "0.17055612441953175",], [ "0.0", "0.0", "0.0", "1.0",],]
frame_955 = [ [ "0.9998599807213707", "0.016661519363846758", "-0.0015532946962852155", "0.21993680332272744",], [ "-0.016605711711737785", "0.9993863036472778", "0.03084260723071745", "-5.9670188645182645",], [ "0.0020662261426029767", "-0.030812495107163544", "0.9995230466852056", "0.14396984486199643",], [ "0.0", "0.0", "0.0", "1.0",],]
frame_956 = [ [ "0.999864107313839", "0.016369365118007528", "-0.0019521247903244619", "0.29748936998047537",], [ "-0.016302487268737967", "0.9994047761926456", "0.030402668175524616", "-5.882945376948995",], [ "0.002448635215102552", "-0.030366712185730012", "0.9995358257594823", "0.13866536215757624",], [ "0.0", "0.0", "0.0", "1.0",],]
frame_957 = [ [ "0.9998821385098895", "0.015146751223739844", "-0.0025069934827226577", "0.40823333152619184",], [ "-0.015080123329584447", "0.999579973510882", "0.024748059244296138", "-4.787670157335491",], [ "0.0028807931756969973", "-0.02470733663024206", "0.9996905764022171", "0.09145934061684982",], [ "0.0", "0.0", "0.0", "1.0",],]
frame_958 = [ [ "0.9998548487151084", "0.016589657395357373", "-0.0038813359117508806", "0.6692709833892984",], [ "-0.01649377305962369", "0.9995865102037922", "0.0235534300871813", "-4.550398401032084",], [ "0.004270474354589009", "-0.023485993402835564", "0.9997150449816933", "0.08473596151077328",], [ "0.0", "0.0", "0.0", "1.0",],]
frame_959 = [ [ "0.9998520471921057", "0.016918414587407064", "-0.003106601627524101", "0.5174527997805581",], [ "-0.016831703115886616", "0.999517931207058", "0.026088291737681686", "-5.04340230025279",], [ "0.0035464765673242226", "-0.02603214250536334", "0.999654815454124", "0.10513186749234096",], [ "0.0", "0.0", "0.0", "1.0",],]
