frame_180 = [ [ "1.0", "0.0", "0.0", "0.0",], [ "0.0", "1.0", "0.0", "0.0",], [ "0.0", "0.0", "1.0", "0.0",], [ "0.0", "0.0", "0.0", "1.0",],]
frame_181 = [ [ "0.9996133886028106", "-0.013631254995422714", "0.024233493624692376", "-4.7390777871894745",], [ "0.013426594951228079", "0.9998729775549218", "0.008588090793301945", "-1.6940549022052391",], [ "-0.024347481882605524", "-0.00825939723636869", "0.9996694366055572", "0.02495451301415014",], [ "0.0", "0.0", "0.0", "1.0",],]
frame_182 = [ [ "0.9996133886028111", "-0.013631254995422705", "0.024233493624688223", "-4.739077787188668",], [ "0.013426594951227232", "0.9998729775549229", "0.008588090793303284", "-1.6940549022054987",], [ "-0.024347481882601114", "-0.008259397236369915", "0.9996694366055584", "0.02495451301396049",], [ "0.0", "0.0", "0.0", "1.0",],]
frame_183 = [ [ "0.9996133886028118", "-0.013631254995423591", "0.024233493624687862", "-4.739077787188599",], [ "0.013426594951227435", "0.9998729775549238", "0.008588090793310096", "-1.6940549022068219",], [ "-0.02434748188260028", "-0.00825939723637645", "0.9996694366055591", "0.024954513013825005",], [ "0.0", "0.0", "0.0", "1.0",],]
frame_184 = [ [ "0.9996211101005719", "-0.013287059792748603", "0.024105814306275168", "-4.713608880506097",], [ "0.013097372244118197", "0.9998821435970413", "0.008009853687325038", "-1.5816918921102854",], [ "-0.024209400686583078", "-0.007691096011448943", "0.9996773239203477", "0.024696945471163693",], [ "0.0", "0.0", "0.0", "1.0",],]
frame_185 = [ [ "0.9996211101005718", "-0.013287059792748867", "0.02410581430627426", "-4.713608880505923",], [ "0.013097372244117897", "0.9998821435970418", "0.008009853687324951", "-1.5816918921102683",], [ "-0.024209400686581534", "-0.007691096011448497", "0.9996773239203479", "0.02469694547115569",], [ "0.0", "0.0", "0.0", "1.0",],]
frame_186 = [ [ "0.9996158885682233", "-0.013458475357153563", "0.024226942915395094", "-4.737571027628465",], [ "0.013266337925837987", "0.9998793995462267", "0.008074072152491653", "-1.5939715826306078",], [ "-0.02433268583617944", "-0.00774956799744974", "0.9996738791205165", "0.025162663483622914",], [ "0.0", "0.0", "0.0", "1.0",],]
frame_187 = [ [ "0.999616226599916", "-0.013448538960207647", "0.024218511886240853", "-4.73592190213452",], [ "0.013255588810407292", "0.9998792509198479", "0.008110052112207663", "-1.6009410999291809",], [ "-0.024324655875005347", "-0.007785909054768062", "0.9996737921626054", "0.025106776752863002",], [ "0.0", "0.0", "0.0", "1.0",],]
frame_188 = [ [ "0.9996160224592466", "-0.013441624683362368", "0.024230773174381128", "-4.738285216186622",], [ "0.013248759107238635", "0.999879402020749", "0.008102579635984201", "-1.599487765889041",], [ "-0.024336762826531688", "-0.007778440750610631", "0.99967355563435", "0.02518072580035089",], [ "0.0", "0.0", "0.0", "1.0",],]
frame_189 = [ [ "0.9996160224592466", "-0.0134416246833623", "0.024230773174380698", "-4.73828521618654",], [ "0.013248759107238184", "0.9998794020207492", "0.008102579635983207", "-1.5994877658888462",], [ "-0.024336762826531425", "-0.007778440750609733", "0.9996735556343507", "0.025180725800092393",], [ "0.0", "0.0", "0.0", "1.0",],]
frame_190 = [ [ "0.9996156922121068", "-0.0134515362430734", "0.024238895519680906", "-4.739874311148177",], [ "0.013259476069848605", "0.9998795474979194", "0.008067018638847014", "-1.5925996538231406",], [ "-0.02434448967765953", "-0.0077425233656547385", "0.9996736463237782", "0.02523495585030454",], [ "0.0", "0.0", "0.0", "1.0",],]
frame_191 = [ [ "0.9996160224592465", "-0.013441624683362728", "0.024230773174381347", "-4.738285216186664",], [ "0.013248759107238845", "0.9998794020207494", "0.00810257963598324", "-1.5994877658888524",], [ "-0.02433676282653237", "-0.007778440750609775", "0.999673555634351", "0.02518072580001983",], [ "0.0", "0.0", "0.0", "1.0",],]
frame_192 = [ [ "0.9996160224592457", "-0.013441624683363119", "0.024230773174381746", "-4.7382852161867435",], [ "0.0132487591072383", "0.9998794020207498", "0.008102579635985497", "-1.5994877658892914",], [ "-0.024336762826532802", "-0.007778440750611945", "0.9996735556343509", "0.025180725800167336",], [ "0.0", "0.0", "0.0", "1.0",],]
frame_193 = [ [ "0.9996162265999141", "-0.013448538960208773", "0.024218511886240454", "-4.735921902134444",], [ "0.013255588810406782", "0.9998792509198483", "0.008110052112206823", "-1.600941099929017",], [ "-0.024324655875005704", "-0.007785909054767337", "0.9996737921626053", "0.025106776752917476",], [ "0.0", "0.0", "0.0", "1.0",],]
frame_194 = [ [ "0.9996173570665656", "-0.013454146556998435", "0.024168686180179515", "-4.726378102078386",], [ "0.013263845277793493", "0.9998798917522642", "0.008017011783538903", "-1.5826582461591867",], [ "-0.024273645373115237", "-0.007693374416569625", "0.9996757484956796", "0.025062446911060923",], [ "0.0", "0.0", "0.0", "1.0",],]
frame_195 = [ [ "0.9996173570665656", "-0.013454146556998456", "0.02416868618017772", "-4.726378102078039",], [ "0.013263845277792969", "0.9998798917522639", "0.008017011783538199", "-1.5826582461590506",], [ "-0.024273645373113245", "-0.007693374416568997", "0.9996757484956793", "0.025062446911192665",], [ "0.0", "0.0", "0.0", "1.0",],]
frame_196 = [ [ "0.9996173570665657", "-0.013454146556998243", "0.02416868618017809", "-4.726378102078109",], [ "0.013263845277792532", "0.9998798917522637", "0.008017011783538143", "-1.5826582461590402",], [ "-0.024273645373113568", "-0.007693374416568861", "0.9996757484956793", "0.025062446911108725",], [ "0.0", "0.0", "0.0", "1.0",],]
frame_197 = [ [ "0.9996173570665657", "-0.01345414655699828", "0.024168686180181583", "-4.726378102078788",], [ "0.013263845277792953", "0.9998798917522634", "0.008017011783533725", "-1.5826582461581824",], [ "-0.02427364537311678", "-0.0076933744165644", "0.999675748495679", "0.025062446911259337",], [ "0.0", "0.0", "0.0", "1.0",],]
frame_198 = [ [ "0.9996173570665653", "-0.013454146556997624", "0.024168686180178978", "-4.726378102078282",], [ "0.0132638452777927", "0.9998798917522633", "0.008017011783536277", "-1.582658246158678",], [ "-0.024273645373114012", "-0.007693374416566998", "0.9996757484956792", "0.025062446911193283",], [ "0.0", "0.0", "0.0", "1.0",],]
frame_199 = [ [ "0.9996189349733237", "-0.013664837333288883", "0.02398451716109701", "-4.6909230941316915",], [ "0.01347225033646547", "0.9998758429873266", "0.008172948137917474", "-1.6131325539778563",], [ "-0.024093221321930664", "-0.007846708293821813", "0.9996789213819081", "0.024227423460202235",], [ "0.0", "0.0", "0.0", "1.0",],]
frame_200 = [ [ "0.9996189349733243", "-0.01366483733328911", "0.023984517161097244", "-4.690923094131738",], [ "0.013472250336465458", "0.9998758429873268", "0.008172948137919465", "-1.6131325539782433",], [ "-0.024093221321930522", "-0.007846708293823671", "0.9996789213819094", "0.024227423459976926",], [ "0.0", "0.0", "0.0", "1.0",],]
frame_201 = [ [ "0.999647703889134", "-0.012812821783868585", "0.02324434785311014", "-4.545250825354467",], [ "0.012632513576381862", "0.9998890980581658", "0.00788740674627358", "-1.5572137847044127",], [ "-0.02334282994676968", "-0.007590993503721332", "0.9996986991627609", "0.020437785365189087",], [ "0.0", "0.0", "0.0", "1.0",],]
frame_202 = [ [ "0.999647703889134", "-0.012812821783868736", "0.023244347853111042", "-4.545250825354642",], [ "0.012632513576381765", "0.9998890980581665", "0.007887406746274573", "-1.5572137847046053",], [ "-0.023342829946770158", "-0.0075909935037222044", "0.9996986991627616", "0.020437785365107246",], [ "0.0", "0.0", "0.0", "1.0",],]
frame_203 = [ [ "0.9996732263989684", "-0.011741772318028637", "0.022706193073823107", "-4.441172181478447",], [ "0.011569909068985383", "0.9999035295429286", "0.007685623705341938", "-1.516319213250438",], [ "-0.0227942454406648", "-0.0074204036572383635", "0.9997126387039269", "0.018259986150785952",], [ "0.0", "0.0", "0.0", "1.0",],]
frame_204 = [ [ "0.9996732263989682", "-0.011741772318028329", "0.02270619307382371", "-4.4411721814785645",], [ "0.011569909068985505", "0.9999035295429278", "0.007685623705339382", "-1.5163192132499426",], [ "-0.02279424544066553", "-0.007420403657236003", "0.9997126387039267", "0.018259986150871033",], [ "0.0", "0.0", "0.0", "1.0",],]
frame_205 = [ [ "0.9996511871471515", "-0.012285616045110609", "0.02337878683080054", "-4.572930574361081",], [ "0.012109062738728972", "0.9998972002918664", "0.00767850558936451", "-1.5149698102274174",], [ "-0.023470718669805078", "-0.007392732031432622", "0.999697190592355", "0.021328788091857766",], [ "0.0", "0.0", "0.0", "1.0",],]
frame_206 = [ [ "0.999651187147152", "-0.012285616045110389", "0.02337878683079994", "-4.572930574360964",], [ "0.012109062738729352", "0.9998972002918657", "0.007678505589363521", "-1.5149698102272262",], [ "-0.023470718669804855", "-0.007392732031431717", "0.9996971905923543", "0.021328788092082874",], [ "0.0", "0.0", "0.0", "1.0",],]
frame_207 = [ [ "0.9996511871471517", "-0.012285616045110184", "0.023378786830803095", "-4.5729305743615765",], [ "0.01210906273872885", "0.9998972002918648", "0.007678505589362981", "-1.5149698102271223",], [ "-0.023470718669808023", "-0.007392732031431177", "0.9996971905923543", "0.02132878809203979",], [ "0.0", "0.0", "0.0", "1.0",],]
frame_208 = [ [ "0.9996887321264121", "-0.013004923393003395", "0.021291097365482948", "-4.167177927102471",], [ "0.012905621590690223", "0.999905222969007", "0.004794789949959182", "-0.9547585638839173",], [ "-0.02135143533446963", "-0.004518522640035908", "0.999761821216594", "0.011448013215139894",], [ "0.0", "0.0", "0.0", "1.0",],]
frame_209 = [ [ "0.9996566719192423", "-0.014173138339860857", "0.022037704892775747", "-4.312166378536116",], [ "0.014064523369167397", "0.9998882064077605", "0.005075812159247661", "-1.0112605892993807",], [ "-0.02210718140649798", "-0.004764119674931637", "0.9997442551442813", "0.014495963941359288",], [ "0.0", "0.0", "0.0", "1.0",],]
frame_210 = [ [ "0.999656671919242", "-0.014173138339861321", "0.0220377048927796", "-4.312166378536865",], [ "0.014064523369167338", "0.9998882064077602", "0.005075812159246572", "-1.0112605892991695",], [ "-0.022107181406501638", "-0.004764119674930429", "0.999744255144281", "0.0144959639414024",], [ "0.0", "0.0", "0.0", "1.0",],]
frame_211 = [ [ "0.9996397732248328", "-0.014190415447642454", "0.02278060351319284", "-4.456188442772769",], [ "0.014063410957280099", "0.999884711865844", "0.00572568329628994", "-1.1374131631873567",], [ "-0.022859227004611186", "-0.005403247762797543", "0.9997240922646489", "0.017110812110847307",], [ "0.0", "0.0", "0.0", "1.0",],]
frame_212 = [ [ "0.9996397732248332", "-0.01419041544764222", "0.02278060351318971", "-4.456188442772161",], [ "0.014063410957280002", "0.9998847118658452", "0.0057256832962886885", "-1.1374131631871112",], [ "-0.022859227004608164", "-0.00540324776279635", "0.9997240922646503", "0.017110812110434494",], [ "0.0", "0.0", "0.0", "1.0",],]
frame_213 = [ [ "0.9996407844427593", "-0.013762311085202575", "0.02299784494809772", "-4.498666255491241",], [ "0.01362788577885357", "0.9998891841502686", "0.005991673265138438", "-1.188571055158848",], [ "-0.023077755693759687", "-0.005676108958773165", "0.9997175596033321", "0.018258254557537892",], [ "0.0", "0.0", "0.0", "1.0",],]
frame_214 = [ [ "0.9996420379339671", "-0.013775297766245564", "0.022935500140049428", "-4.486709323174994",], [ "0.013643184294366123", "0.9998894806741969", "0.005906772333814372", "-1.171871075705535",], [ "-0.023014332871768663", "-0.005591744678089755", "0.9997194970960289", "0.018189100879416466",], [ "0.0", "0.0", "0.0", "1.0",],]
frame_215 = [ [ "0.999642037933967", "-0.013775297766246027", "0.022935500140051104", "-4.486709323175318",], [ "0.013643184294366216", "0.9998894806741969", "0.0059067723338152925", "-1.1718710757057145",], [ "-0.023014332871769926", "-0.00559174467809047", "0.9997194970960289", "0.018189100879366094",], [ "0.0", "0.0", "0.0", "1.0",],]
frame_216 = [ [ "0.9996420379339677", "-0.01377529776624513", "0.022935500140051805", "-4.486709323175454",], [ "0.0136431842943656", "0.9998894806741974", "0.005906772333815585", "-1.1718710757057702",], [ "-0.023014332871770137", "-0.005591744678090427", "0.9997194970960298", "0.018189100879196392",], [ "0.0", "0.0", "0.0", "1.0",],]
frame_217 = [ [ "0.9996407844427594", "-0.013762311085202848", "0.022997844948097104", "-4.498666255491122",], [ "0.013627885778853394", "0.9998891841502698", "0.00599167326513784", "-1.1885710551587307",], [ "-0.023077755693757394", "-0.005676108958771638", "0.9997175596033337", "0.018258254557229313",], [ "0.0", "0.0", "0.0", "1.0",],]
frame_218 = [ [ "0.9996407844427596", "-0.013762311085203233", "0.02299784494809756", "-4.4986662554912105",], [ "0.013627885778853766", "0.9998891841502705", "0.005991673265138533", "-1.1885710551588633",], [ "-0.0230777556937573", "-0.005676108958771945", "0.999717559603334", "0.0182582545570871",], [ "0.0", "0.0", "0.0", "1.0",],]
frame_219 = [ [ "0.9996407844427593", "-0.013762311085203151", "0.02299784494809413", "-4.498666255490544",], [ "0.013627885778853207", "0.9998891841502707", "0.005991673265143842", "-1.1885710551598965",], [ "-0.023077755693753317", "-0.005676108958776996", "0.9997175596033345", "0.018258254557046338",], [ "0.0", "0.0", "0.0", "1.0",],]
frame_220 = [ [ "0.9996554687296026", "-0.014159972565486042", "0.02210065645948306", "-4.324241573633728",], [ "0.014049159373224634", "0.9998879849370621", "0.005161269167437745", "-1.0280690228684366",], [ "-0.022171264282866195", "-0.004848995303958642", "0.9997424279706554", "0.014542862294738914",], [ "0.0", "0.0", "0.0", "1.0",],]
frame_221 = [ [ "0.9996566719192417", "-0.014173138339862489", "0.02203770489277536", "-4.312166378536042",], [ "0.01406452336916695", "0.9998882064077628", "0.005075812159248507", "-1.011260589299542",], [ "-0.022107181406494404", "-0.004764119674930671", "0.9997442551442861", "0.014495963940505419",], [ "0.0", "0.0", "0.0", "1.0",],]
frame_222 = [ [ "0.9996566719192415", "-0.014173138339861889", "0.02203770489277116", "-4.312166378535226",], [ "0.01406452336916658", "0.9998882064077619", "0.005075812159251303", "-1.0112605893000874",], [ "-0.022107181406490567", "-0.004764119674933735", "0.9997442551442859", "0.014495963940491755",], [ "0.0", "0.0", "0.0", "1.0",],]
frame_223 = [ [ "0.9996566719192413", "-0.014173138339861746", "0.022037704892774224", "-4.312166378535821",], [ "0.014064523369166672", "0.9998882064077614", "0.0050758121592484615", "-1.0112605892995352",], [ "-0.02210718140649393", "-0.00476411967493092", "0.999744255144285", "0.014495963940674228",], [ "0.0", "0.0", "0.0", "1.0",],]
frame_224 = [ [ "0.9996566719192416", "-0.01417313833986194", "0.022037704892775924", "-4.312166378536151",], [ "0.014064523369166962", "0.999888206407761", "0.005075812159247521", "-1.011260589299353",], [ "-0.022107181406495646", "-0.00476411967493012", "0.999744255144285", "0.014495963940680886",], [ "0.0", "0.0", "0.0", "1.0",],]
frame_225 = [ [ "0.9996566719192411", "-0.014173138339862038", "0.022037704892775126", "-4.312166378535996",], [ "0.014064523369166353", "0.999888206407761", "0.005075812159249055", "-1.0112605892996511",], [ "-0.022107181406494633", "-0.004764119674931611", "0.9997442551442847", "0.014495963940734801",], [ "0.0", "0.0", "0.0", "1.0",],]
frame_226 = [ [ "0.9996397732248319", "-0.014190415447642988", "0.022780603513192683", "-4.45618844277274",], [ "0.01406341095727998", "0.9998847118658457", "0.005725683296289427", "-1.1374131631872546",], [ "-0.022859227004608653", "-0.005403247762795823", "0.9997240922646529", "0.017110812109911572",], [ "0.0", "0.0", "0.0", "1.0",],]
frame_227 = [ [ "0.9996397732248328", "-0.014190415447642858", "0.022780603513193214", "-4.456188442772843",], [ "0.014063410957280292", "0.9998847118658468", "0.005725683296291415", "-1.1374131631876394",], [ "-0.022859227004608903", "-0.005403247762797615", "0.9997240922646542", "0.017110812109658702",], [ "0.0", "0.0", "0.0", "1.0",],]
frame_228 = [ [ "0.9996397732248335", "-0.014190415447643049", "0.02278060351319116", "-4.456188442772444",], [ "0.014063410957280718", "0.9998847118658473", "0.005725683296295845", "-1.1374131631885",], [ "-0.022859227004606533", "-0.00540324776280195", "0.9997240922646558", "0.0171108121093684",], [ "0.0", "0.0", "0.0", "1.0",],]
frame_229 = [ [ "0.9996420379339681", "-0.013775297766245545", "0.02293550014005031", "-4.486709323175163",], [ "0.013643184294367016", "0.9998894806741984", "0.005906772333815201", "-1.1718710757056943",], [ "-0.023014332871766553", "-0.005591744678089041", "0.9997194970960348", "0.01818910087825848",], [ "0.0", "0.0", "0.0", "1.0",],]
frame_230 = [ [ "0.9996645848760483", "-0.013232766959503102", "0.02226233642710015", "-4.354841604428432",], [ "0.013104173487078534", "0.9998966574153498", "0.005912286092902541", "-1.1729075162372071",], [ "-0.022338271683771373", "-0.005618573503957362", "0.9997346814280224", "0.015173500676629674",], [ "0.0", "0.0", "0.0", "1.0",],]
frame_231 = [ [ "0.9996645848760484", "-0.01323276695950323", "0.02226233642709974", "-4.354841604428353",], [ "0.013104173487076974", "0.9998966574153505", "0.005912286092908107", "-1.1729075162382885",], [ "-0.02233827168377042", "-0.005618573503962715", "0.9997346814280228", "0.015173500676574601",], [ "0.0", "0.0", "0.0", "1.0",],]
frame_232 = [ [ "0.9996645848760486", "-0.013232766959503948", "0.02226233642709925", "-4.354841604428259",], [ "0.013104173487076657", "0.9998966574153512", "0.005912286092901827", "-1.1729075162370672",], [ "-0.02233827168376994", "-0.005618573503956367", "0.9997346814280232", "0.015173500676451698",], [ "0.0", "0.0", "0.0", "1.0",],]
frame_233 = [ [ "0.9996645848760488", "-0.013232766959504559", "0.022262336427100793", "-4.354841604428559",], [ "0.013104173487076114", "0.9998966574153516", "0.005912286092900931", "-1.1729075162368932",], [ "-0.022338271683771276", "-0.0056185735039551935", "0.9997346814280231", "0.015173500676569925",], [ "0.0", "0.0", "0.0", "1.0",],]
frame_234 = [ [ "0.9996645848760488", "-0.013232766959504951", "0.022262336427099183", "-4.354841604428247",], [ "0.013104173487075418", "0.9998966574153523", "0.005912286092903502", "-1.172907516237392",], [ "-0.02233827168376958", "-0.005618573503957701", "0.9997346814280226", "0.015173500676536928",], [ "0.0", "0.0", "0.0", "1.0",],]
frame_235 = [ [ "0.999663360974522", "-0.013219714826163286", "0.02232496058314089", "-4.3668527409227815",], [ "0.013088851725372146", "0.9998963492260651", "0.005997729980226199", "-1.189713053554236",], [ "-0.022401934863633073", "-0.005703502811398408", "0.999732775980698", "0.015235192560879914",], [ "0.0", "0.0", "0.0", "1.0",],]
frame_236 = [ [ "0.999663360974522", "-0.013219714826163133", "0.022324960583138858", "-4.366852740922386",], [ "0.013088851725372263", "0.9998963492260646", "0.005997729980223051", "-1.1897130535536242",], [ "-0.022401934863631283", "-0.005703502811395319", "0.9997327759806973", "0.015235192560925466",], [ "0.0", "0.0", "0.0", "1.0",],]
frame_237 = [ [ "0.9996633609745218", "-0.013219714826163244", "0.022324960583140423", "-4.366852740922691",], [ "0.013088851725372275", "0.9998963492260651", "0.005997729980227035", "-1.1897130535543987",], [ "-0.022401934863633042", "-0.005703502811399122", "0.9997327759806965", "0.015235192561079651",], [ "0.0", "0.0", "0.0", "1.0",],]
frame_238 = [ [ "0.99967380176096", "-0.013589412777637332", "0.021624475326550856", "-4.23056317927464",], [ "0.013473645889262973", "0.9998941534597523", "0.005490240748313633", "-1.092006681796368",], [ "-0.021696795598422445", "-0.005197089318353657", "0.9997510886832791", "0.012011813921970075",], [ "0.0", "0.0", "0.0", "1.0",],]
frame_239 = [ [ "0.9996738017609602", "-0.0135894127776377", "0.021624475326550832", "-4.230563179274636",], [ "0.013473645889262946", "0.999894153459753", "0.005490240748316891", "-1.0920066817970007",], [ "-0.021696795598422483", "-0.005197089318356886", "0.9997510886832796", "0.012011813921973537",], [ "0.0", "0.0", "0.0", "1.0",],]
frame_240 = [ [ "0.9996738017609604", "-0.013589412777637842", "0.02162447532655145", "-4.230563179274756",], [ "0.013473645889262637", "0.9998941534597541", "0.005490240748311105", "-1.0920066817958745",], [ "-0.021696795598423", "-0.005197089318351042", "0.9997510886832804", "0.012011813921628544",], [ "0.0", "0.0", "0.0", "1.0",],]
frame_241 = [ [ "0.999673641650844", "-0.01356576070388794", "0.02164671626522381", "-4.234853274244224",], [ "0.013450036045984633", "0.9998945125193133", "0.005482733273553536", "-1.0906299609458527",], [ "-0.02171881025524463", "-0.005189794823723926", "0.9997506485673365", "0.012059489330977323",], [ "0.0", "0.0", "0.0", "1.0",],]
frame_242 = [ [ "0.9996736416508436", "-0.013565760703887748", "0.02164671626522411", "-4.234853274244283",], [ "0.013450036045984215", "0.9998945125193129", "0.005482733273550341", "-1.090629960945232",], [ "-0.021718810255245066", "-0.005189794823720692", "0.9997506485673368", "0.012059489330918967",], [ "0.0", "0.0", "0.0", "1.0",],]
frame_243 = [ [ "0.9996719723059729", "-0.013586465667270115", "0.02171072860499453", "-4.247298713621749",], [ "0.013469737105115535", "0.9998940766714965", "0.005513766371207148", "-1.0966287463513307",], [ "-0.02178334152984849", "-0.005219519896463891", "0.9997490898439824", "0.012279464893172191",], [ "0.0", "0.0", "0.0", "1.0",],]
frame_244 = [ [ "0.9996719723059727", "-0.013586465667270065", "0.02171072860499598", "-4.247298713622029",], [ "0.013469737105115532", "0.999894076671497", "0.005513766371208212", "-1.0966287463515367",], [ "-0.021783341529849468", "-0.0052195198964647", "0.9997490898439825", "0.012279464893148772",], [ "0.0", "0.0", "0.0", "1.0",],]
frame_245 = [ [ "0.9996548575978224", "-0.013964932343872066", "0.022251884093509616", "-4.353110344746792",], [ "0.013846882767923693", "0.9998892721755195", "0.005450433555597434", "-1.0845577460301778",], [ "-0.022325535126633798", "-0.00514043314945333", "0.9997375387712387", "0.01476736267833044",], [ "0.0", "0.0", "0.0", "1.0",],]
frame_246 = [ [ "0.9996548575978229", "-0.013964932343871394", "0.02225188409350532", "-4.353110344745957",], [ "0.013846882767923238", "0.9998892721755193", "0.005450433555601004", "-1.0845577460308724",], [ "-0.022325535126629173", "-0.0051404331494569536", "0.9997375387712393", "0.014767362678143376",], [ "0.0", "0.0", "0.0", "1.0",],]
frame_247 = [ [ "0.9996560534668161", "-0.013978307138487396", "0.02218967545268333", "-4.341179814517162",], [ "0.013862481549235599", "0.9998895177055918", "0.005365071089816751", "-1.0677674287029248",], [ "-0.022262218497931592", "-0.005055621825663132", "0.9997393831972091", "0.01471613463755577",], [ "0.0", "0.0", "0.0", "1.0",],]
frame_248 = [ [ "0.9996560534668156", "-0.01397830713848782", "0.022189675452684368", "-4.341179814517364",], [ "0.01386248154923656", "0.9998895177055915", "0.005365071089816757", "-1.0677674287029264",], [ "-0.022262218497932973", "-0.005055621825663203", "0.9997393831972092", "0.014716134637505002",], [ "0.0", "0.0", "0.0", "1.0",],]
frame_249 = [ [ "0.9996560534668159", "-0.013978307138487188", "0.022189675452683914", "-4.341179814517275",], [ "0.013862481549236602", "0.9998895177055906", "0.005365071089815373", "-1.0677674287026582",], [ "-0.022262218497932786", "-0.005055621825661748", "0.9997393831972092", "0.014716134637531141",], [ "0.0", "0.0", "0.0", "1.0",],]
frame_250 = [ [ "0.9996560534668157", "-0.013978307138486775", "0.022189675452685045", "-4.341179814517493",], [ "0.01386248154923632", "0.9998895177055901", "0.00536507108981585", "-1.0677674287027519",], [ "-0.022262218497934045", "-0.005055621825662219", "0.9997393831972099", "0.014716134637366516",], [ "0.0", "0.0", "0.0", "1.0",],]
frame_251 = [ [ "0.9996579326835964", "-0.013981062151644979", "0.02210311118083249", "-4.324383555667821",], [ "0.013866195161918327", "0.999889591740641", "0.0053416252662387455", "-1.063161077525042",], [ "-0.022175352409630783", "-0.005033312017494157", "0.9997414263276653", "0.014440617680944788",], [ "0.0", "0.0", "0.0", "1.0",],]
frame_252 = [ [ "0.9996579326835967", "-0.013981062151645185", "0.022103111180832663", "-4.324383555667855",], [ "0.013866195161919134", "0.9998895917406414", "0.005341625266237697", "-1.0631610775248368",], [ "-0.022175352409631085", "-0.0050333120174931535", "0.9997414263276664", "0.014440617680717622",], [ "0.0", "0.0", "0.0", "1.0",],]
frame_253 = [ [ "0.999657932683597", "-0.013981062151644907", "0.02210311118083312", "-4.324383555667943",], [ "0.013866195161919333", "0.9998895917406413", "0.00534162526623448", "-1.0631610775242115",], [ "-0.02217535240963134", "-0.00503331201748979", "0.9997414263276668", "0.014440617680630048",], [ "0.0", "0.0", "0.0", "1.0",],]
frame_254 = [ [ "0.9996579326835975", "-0.013981062151644394", "0.022103111180832156", "-4.324383555667755",], [ "0.013866195161919507", "0.9998895917406413", "0.005341625266238453", "-1.0631610775249847",], [ "-0.02217535240963042", "-0.0050333120174937225", "0.9997414263276682", "0.014440617680374069",], [ "0.0", "0.0", "0.0", "1.0",],]
frame_255 = [ [ "0.9996579326835979", "-0.013981062151644694", "0.02210311118083133", "-4.324383555667596",], [ "0.013866195161919604", "0.9998895917406412", "0.005341625266238823", "-1.063161077525056",], [ "-0.02217535240962957", "-0.005033312017494022", "0.999741426327669", "0.014440617680171646",], [ "0.0", "0.0", "0.0", "1.0",],]
frame_256 = [ [ "0.9996579326835978", "-0.01398106215164438", "0.022103111180829988", "-4.324383555667334",], [ "0.013866195161919153", "0.9998895917406412", "0.005341625266239172", "-1.0631610775251246",], [ "-0.02217535240962832", "-0.005033312017494427", "0.9997414263276695", "0.014440617680052906",], [ "0.0", "0.0", "0.0", "1.0",],]
frame_257 = [ [ "0.9996579326835986", "-0.013981062151644318", "0.022103111180827733", "-4.324383555666896",], [ "0.013866195161919627", "0.9998895917406418", "0.005341625266240396", "-1.0631610775253615",], [ "-0.02217535240962605", "-0.005033312017495577", "0.9997414263276703", "0.01444061767993046",], [ "0.0", "0.0", "0.0", "1.0",],]
frame_258 = [ [ "0.999674979495241", "-0.013602643554840942", "0.021561620057778192", "-4.218506791830168",], [ "0.013489053498362788", "0.9998944107759495", "0.005404880642253457", "-1.0752170270232941",], [ "-0.021632864047872305", "-0.005112278098742242", "0.9997529113764908", "0.011965732646998857",], [ "0.0", "0.0", "0.0", "1.0",],]
frame_259 = [ [ "0.9996749794952411", "-0.013602643554841084", "0.021561620057778758", "-4.218506791830279",], [ "0.013489053498362545", "0.9998944107759504", "0.00540488064225412", "-1.0752170270234207",], [ "-0.021632864047872492", "-0.005112278098742597", "0.9997529113764915", "0.011965732646914697",], [ "0.0", "0.0", "0.0", "1.0",],]
frame_260 = [ [ "0.9996579326835989", "-0.013981062151645424", "0.022103111180832635", "-4.3243835556678505",], [ "0.013866195161919065", "0.9998895917406428", "0.005341625266239967", "-1.0631610775252767",], [ "-0.022175352409631297", "-0.005033312017494903", "0.9997414263276714", "0.014440617679755878",], [ "0.0", "0.0", "0.0", "1.0",],]
frame_261 = [ [ "0.9996579326835994", "-0.0139810621516447", "0.022103111180833097", "-4.3243835556679375",], [ "0.013866195161918738", "0.9998895917406435", "0.005341625266238668", "-1.063161077525024",], [ "-0.022175352409631754", "-0.005033312017493544", "0.9997414263276715", "0.014440617679784915",], [ "0.0", "0.0", "0.0", "1.0",],]
frame_262 = [ [ "0.9996579326835997", "-0.013981062151645374", "0.02210311118083195", "-4.3243835556677155",], [ "0.013866195161918912", "0.9998895917406434", "0.0053416252662413745", "-1.0631610775255496",], [ "-0.022175352409630814", "-0.005033312017496192", "0.9997414263276715", "0.014440617679641377",], [ "0.0", "0.0", "0.0", "1.0",],]
frame_263 = [ [ "0.9996579326836", "-0.01398106215164528", "0.022103111180831136", "-4.3243835556675565",], [ "0.013866195161918544", "0.9998895917406434", "0.005341625266243159", "-1.0631610775258966",], [ "-0.022175352409630023", "-0.0050333120174979925", "0.9997414263276717", "0.014440617679696578",], [ "0.0", "0.0", "0.0", "1.0",],]
frame_264 = [ [ "0.9996579326836001", "-0.013981062151645024", "0.0221031111808313", "-4.324383555667588",], [ "0.013866195161918032", "0.9998895917406435", "0.005341625266241857", "-1.0631610775256433",], [ "-0.022175352409630197", "-0.005033312017496752", "0.9997414263276719", "0.014440617679696068",], [ "0.0", "0.0", "0.0", "1.0",],]
frame_265 = [ [ "0.9996579326836006", "-0.013981062151645277", "0.02210311118083084", "-4.3243835556675",], [ "0.013866195161917711", "0.9998895917406434", "0.005341625266243383", "-1.0631610775259415",], [ "-0.02217535240962976", "-0.005033312017498215", "0.9997414263276724", "0.014440617679525068",], [ "0.0", "0.0", "0.0", "1.0",],]
frame_266 = [ [ "0.9996579326836008", "-0.013981062151645338", "0.022103111180833645", "-4.324383555668045",], [ "0.013866195161917495", "0.9998895917406436", "0.005341625266237201", "-1.0631610775247387",], [ "-0.022175352409632688", "-0.00503331201749186", "0.9997414263276725", "0.014440617679588224",], [ "0.0", "0.0", "0.0", "1.0",],]
frame_267 = [ [ "0.999657932683601", "-0.013981062151644878", "0.02210311118083229", "-4.32438355566778",], [ "0.013866195161916957", "0.9998895917406438", "0.005341625266237125", "-1.0631610775247244",], [ "-0.022175352409631234", "-0.005033312017491704", "0.9997414263276727", "0.01444061767943963",], [ "0.0", "0.0", "0.0", "1.0",],]
frame_268 = [ [ "0.9996579326836014", "-0.013981062151645327", "0.0221031111808307", "-4.324383555667471",], [ "0.013866195161917056", "0.9998895917406441", "0.0053416252662412365", "-1.0631610775255236",], [ "-0.02217535240962994", "-0.005033312017495758", "0.9997414263276729", "0.014440617679381217",], [ "0.0", "0.0", "0.0", "1.0",],]
frame_269 = [ [ "0.9996579326836019", "-0.013981062151645404", "0.022103111180828108", "-4.3243835556669685",], [ "0.013866195161916933", "0.9998895917406445", "0.005341625266245979", "-1.0631610775264446",], [ "-0.02217535240962753", "-0.005033312017500375", "0.9997414263276732", "0.01444061767943221",], [ "0.0", "0.0", "0.0", "1.0",],]
frame_270 = [ [ "0.9996579326836017", "-0.013981062151645456", "0.0221031111808325", "-4.324383555667822",], [ "0.013866195161916853", "0.9998895917406444", "0.005341625266242023", "-1.0631610775256763",], [ "-0.022175352409631897", "-0.005033312017496284", "0.9997414263276732", "0.014440617679304955",], [ "0.0", "0.0", "0.0", "1.0",],]
frame_271 = [ [ "0.9996579326836021", "-0.013981062151645154", "0.0221031111808316", "-4.324383555667646",], [ "0.013866195161916431", "0.9998895917406445", "0.005341625266244928", "-1.06316107752624",], [ "-0.02217535240963104", "-0.005033312017499021", "0.9997414263276734", "0.014440617679474488",], [ "0.0", "0.0", "0.0", "1.0",],]
frame_272 = [ [ "0.9996579326836024", "-0.013981062151644937", "0.022103111180830626", "-4.324383555667457",], [ "0.01386619516191638", "0.9998895917406445", "0.00534162526624269", "-1.0631610775258056",], [ "-0.022175352409630315", "-0.005033312017496901", "0.999741426327674", "0.014440617679213369",], [ "0.0", "0.0", "0.0", "1.0",],]
frame_273 = [ [ "0.9996579326836027", "-0.013981062151645473", "0.022103111180832937", "-4.324383555667907",], [ "0.013866195161916837", "0.9998895917406447", "0.005341625266238272", "-1.0631610775249458",], [ "-0.022175352409632604", "-0.005033312017492456", "0.9997414263276745", "0.014440617679190398",], [ "0.0", "0.0", "0.0", "1.0",],]
frame_274 = [ [ "0.9996579326836036", "-0.013981062151644585", "0.022103111180833537", "-4.324383555668021",], [ "0.013866195161916554", "0.999889591740645", "0.005341625266235532", "-1.0631610775244131",], [ "-0.022175352409632896", "-0.00503331201748958", "0.9997414263276749", "0.014440617679018202",], [ "0.0", "0.0", "0.0", "1.0",],]
frame_275 = [ [ "0.9996749794952458", "-0.013602643554841374", "0.02156162005777615", "-4.21850679182977",], [ "0.013489053498359577", "0.9998944107759525", "0.005404880642253588", "-1.075217027023316",], [ "-0.021632864047871243", "-0.0051122780987413975", "0.9997529113764951", "0.011965732646227465",], [ "0.0", "0.0", "0.0", "1.0",],]
frame_276 = [ [ "0.9996749794952458", "-0.013602643554841759", "0.02156162005777763", "-4.218506791830059",], [ "0.01348905349835922", "0.9998944107759534", "0.00540488064225554", "-1.075217027023695",], [ "-0.021632864047872603", "-0.005112278098743136", "0.9997529113764958", "0.011965732646121257",], [ "0.0", "0.0", "0.0", "1.0",],]
frame_277 = [ [ "0.9996749794952461", "-0.013602643554842678", "0.021561620057782747", "-4.218506791831055",], [ "0.013489053498359469", "0.9998944107759545", "0.005404880642254501", "-1.075217027023491",], [ "-0.02163286404787726", "-0.005112278098741805", "0.9997529113764964", "0.011965732645997443",], [ "0.0", "0.0", "0.0", "1.0",],]
frame_278 = [ [ "0.9996566719192518", "-0.014173138339865589", "0.022037704892775813", "-4.312166378536131",], [ "0.01406452336915973", "0.9998882064077733", "0.005075812159251917", "-1.0112605893001945",], [ "-0.022107181406494165", "-0.004764119674930512", "0.9997442551443023", "0.014495963937280924",], [ "0.0", "0.0", "0.0", "1.0",],]
frame_279 = [ [ "0.9996566719192511", "-0.014173138339865877", "0.022037704892778252", "-4.312166378536606",], [ "0.01406452336916", "0.9998882064077722", "0.005075812159250648", "-1.0112605892999489",], [ "-0.022107181406496944", "-0.0047641196749293084", "0.9997442551443019", "0.014495963937462383",], [ "0.0", "0.0", "0.0", "1.0",],]
frame_280 = [ [ "0.9996566719192501", "-0.014173138339865426", "0.02203770489277534", "-4.31216637853604",], [ "0.01406452336915955", "0.9998882064077713", "0.005075812159252768", "-1.0112605893003621",], [ "-0.022107181406494522", "-0.004764119674931753", "0.9997442551443008", "0.014495963937681697",], [ "0.0", "0.0", "0.0", "1.0",],]
frame_281 = [ [ "0.9996566719192493", "-0.014173138339865804", "0.02203770489277763", "-4.312166378536487",], [ "0.014064523369159634", "0.9998882064077704", "0.005075812159250739", "-1.0112605892999689",], [ "-0.02210718140649666", "-0.004764119674929685", "0.9997442551443002", "0.014495963937745873",], [ "0.0", "0.0", "0.0", "1.0",],]
frame_282 = [ [ "0.9996566719192493", "-0.014173138339865344", "0.02203770489277633", "-4.312166378536232",], [ "0.01406452336916014", "0.9998882064077698", "0.005075812159253044", "-1.0112605893004183",], [ "-0.022107181406495553", "-0.004764119674932214", "0.9997442551443001", "0.014495963937771923",], [ "0.0", "0.0", "0.0", "1.0",],]
frame_283 = [ [ "0.9996566719192493", "-0.014173138339865618", "0.02203770489277725", "-4.3121663785364115",], [ "0.01406452336915987", "0.9998882064077694", "0.005075812159249917", "-1.0112605892998108",], [ "-0.02210718140649627", "-0.004764119674929008", "0.9997442551442999", "0.014495963937828841",], [ "0.0", "0.0", "0.0", "1.0",],]
frame_284 = [ [ "0.9996749794952435", "-0.01360264355484229", "0.021561620057777713", "-4.218506791830075",], [ "0.013489053498358342", "0.9998944107759515", "0.005404880642254743", "-1.075217027023543",], [ "-0.02163286404787282", "-0.005112278098742471", "0.9997529113764934", "0.011965732646666899",], [ "0.0", "0.0", "0.0", "1.0",],]
frame_285 = [ [ "0.9996749794952444", "-0.013602643554842832", "0.021561620057778192", "-4.21850679183017",], [ "0.013489053498358407", "0.9998944107759524", "0.005404880642254905", "-1.0752170270235726",], [ "-0.02163286404787275", "-0.005112278098742244", "0.9997529113764939", "0.011965732646467369",], [ "0.0", "0.0", "0.0", "1.0",],]
frame_286 = [ [ "0.9996749794952451", "-0.01360264355484292", "0.02156162005777706", "-4.218506791829949",], [ "0.013489053498357708", "0.9998944107759535", "0.0054048806422560885", "-1.075217027023802",], [ "-0.021632864047871077", "-0.005112278098743086", "0.999752911376495", "0.011965732646148418",], [ "0.0", "0.0", "0.0", "1.0",],]
frame_287 = [ [ "0.9996749794952461", "-0.013602643554843143", "0.02156162005777344", "-4.218506791829245",], [ "0.013489053498357289", "0.9998944107759542", "0.005404880642259734", "-1.0752170270245094",], [ "-0.021632864047867004", "-0.005112278098746443", "0.9997529113764958", "0.011965732646077693",], [ "0.0", "0.0", "0.0", "1.0",],]
frame_288 = [ [ "0.9996749794952466", "-0.013602643554843178", "0.02156162005777768", "-4.21850679183007",], [ "0.013489053498357682", "0.9998944107759544", "0.0054048806422567165", "-1.0752170270239234",], [ "-0.021632864047871108", "-0.005112278098743145", "0.9997529113764961", "0.011965732646034823",], [ "0.0", "0.0", "0.0", "1.0",],]
frame_289 = [ [ "0.9996397732248434", "-0.01419041544764789", "0.0227806035131931", "-4.456188442772823",], [ "0.014063410957271327", "0.999884711865858", "0.005725683296293224", "-1.1374131631879805",], [ "-0.022859227004606825", "-0.005403247762794608", "0.9997240922646705", "0.017110812106505793",], [ "0.0", "0.0", "0.0", "1.0",],]
frame_290 = [ [ "0.9996401141348297", "-0.01418047280296785", "0.02277183355828417", "-4.454473431799814",], [ "0.014052696158815221", "0.9998846571578831", "0.00576143306497524", "-1.1443378503395782",], [ "-0.022850906835156743", "-0.005439353948669758", "0.9997240866786617", "0.017039688693437378",], [ "0.0", "0.0", "0.0", "1.0",],]
frame_291 = [ [ "0.9996530178161711", "-0.014135221508845244", "0.02222699898622097", "-4.348851087073727",], [ "0.014017721072907802", "0.9998869847706096", "0.0054333398837005786", "-1.0807599827565961",], [ "-0.022301288459612375", "-0.005119882739477054", "0.9997381853934698", "0.014823680813959158",], [ "0.0", "0.0", "0.0", "1.0",],]
frame_292 = [ [ "0.9996401141348286", "-0.0141804728029678", "0.02277183355828336", "-4.454473431799657",], [ "0.014052696158815603", "0.9998846571578826", "0.005761433064974642", "-1.1443378503394623",], [ "-0.02285090683515612", "-0.005439353948669402", "0.9997240866786619", "0.017039688693373346",], [ "0.0", "0.0", "0.0", "1.0",],]
frame_293 = [ [ "0.9996399459462622", "-0.01419747337352254", "0.02276862355035189", "-4.453880233311798",], [ "0.014070368913187511", "0.9998845722413119", "0.005732967162514875", "-1.1388299477238744",], [ "-0.022847389067799533", "-0.005410540051440609", "0.9997243234358105", "0.017038622486905686",], [ "0.0", "0.0", "0.0", "1.0",],]
frame_294 = [ [ "0.9996528439859425", "-0.014152227119441725", "0.022223995554175327", "-4.348298052410024",], [ "0.014035374795408204", "0.9998868899071085", "0.005405149977053537", "-1.0753057409951643",], [ "-0.022297976706055114", "-0.0050913514396691935", "0.9997384049717142", "0.014825518098118929",], [ "0.0", "0.0", "0.0", "1.0",],]
frame_295 = [ [ "0.9996399459462618", "-0.014197473373522729", "0.022768623550351943", "-4.453880233311807",], [ "0.01407036891318741", "0.9998845722413124", "0.005732967162514619", "-1.1388299477238237",], [ "-0.02284738906779975", "-0.0054105400514402775", "0.9997243234358107", "0.017038622486722475",], [ "0.0", "0.0", "0.0", "1.0",],]
frame_296 = [ [ "0.9996399459462623", "-0.014197473373522554", "0.022768623550351953", "-4.45388023331181",], [ "0.014070368913187985", "0.9998845722413123", "0.005732967162512939", "-1.1388299477234973",], [ "-0.022847389067799817", "-0.005410540051438702", "0.9997243234358107", "0.017038622486834753",], [ "0.0", "0.0", "0.0", "1.0",],]
frame_297 = [ [ "0.999639945946262", "-0.014197473373522186", "0.022768623550351006", "-4.453880233311623",], [ "0.014070368913187688", "0.9998845722413122", "0.005732967162514382", "-1.138829947723778",], [ "-0.02284738906779897", "-0.005410540051440287", "0.9997243234358111", "0.017038622486832654",], [ "0.0", "0.0", "0.0", "1.0",],]
