frame_459 = [ [ "1.0", "0.0", "0.0", "0.0",], [ "0.0", "1.0", "0.0", "0.0",], [ "0.0", "0.0", "1.0", "0.0",], [ "0.0", "0.0", "0.0", "1.0",],]
frame_460 = [ [ "0.9998328288918855", "-0.005789166695260127", "0.017343581493547422", "-3.384833701746627",], [ "0.005214620544258604", "0.9994420344492625", "0.032991324746070416", "-6.421004930064511",], [ "-0.017524896651000023", "-0.03289536935338712", "0.9993051449244507", "0.15965400997731932",], [ "0.0", "0.0", "0.0", "1.0",],]
frame_461 = [ [ "0.9998116943455027", "-0.005767716205675487", "0.018528607604078737", "-3.6149669155585116",], [ "0.005117301086043807", "0.9993755785445138", "0.03496092445023751", "-6.804043580021934",], [ "-0.018718682634467246", "-0.03485952464666138", "0.9992169056125106", "0.18235119773303593",], [ "0.0", "0.0", "0.0", "1.0",],]
frame_462 = [ [ "0.9998980830336487", "-0.0027512148181669666", "0.01400908143517643", "-2.735187825373635",], [ "0.002335819467796455", "0.9995596167173956", "0.02958236933019344", "-5.755001885165466",], [ "-0.014084299522765355", "-0.029546631699711254", "0.9994641709747063", "0.12496959061785273",], [ "0.0", "0.0", "0.0", "1.0",],]
frame_463 = [ [ "0.999734064318455", "-0.0017866812130319595", "0.02299148563150398", "-4.489053418542968",], [ "0.0008519356523717254", "0.9991750393655585", "0.04060190776894992", "-7.885958509855235",], [ "-0.023045061226754364", "-0.040571523006624144", "0.9989108452079086", "0.2558551052946176",], [ "0.0", "0.0", "0.0", "1.0",],]
frame_464 = [ [ "0.9998243012056609", "0.0018559099531530612", "0.01865267586314669", "-3.645398857201993",], [ "-0.0024399891802751026", "0.9995058153731533", "0.031339615314283815", "-6.079783127237434",], [ "-0.01858529449349555", "-0.03137962130894682", "0.9993347318066649", "0.1639162446391061",], [ "0.0", "0.0", "0.0", "1.0",],]
frame_465 = [ [ "0.9998243012056606", "0.0018559099531534151", "0.018652675863146964", "-3.6453988572020446",], [ "-0.0024399891802745926", "0.999505815373153", "0.03133961531428476", "-6.079783127237617",], [ "-0.01858529449349585", "-0.031379621308947656", "0.9993347318066655", "0.1639162446389985",], [ "0.0", "0.0", "0.0", "1.0",],]
frame_466 = [ [ "0.9998243012056603", "0.001855909953153553", "0.01865267586314628", "-3.6453988572019123",], [ "-0.0024399891802747435", "0.9995058153731525", "0.03133961531428546", "-6.079783127237751",], [ "-0.018585294493495257", "-0.03137962130894841", "0.9993347318066664", "0.16391624463880192",], [ "0.0", "0.0", "0.0", "1.0",],]
frame_467 = [ [ "0.9997340643184545", "-0.0017866812130305464", "0.022991485631505187", "-4.489053418543205",], [ "0.0008519356523712993", "0.9991750393655573", "0.0406019077689514", "-7.8859585098555245",], [ "-0.023045061226755512", "-0.040571523006625684", "0.9989108452079106", "0.2558551052941975",], [ "0.0", "0.0", "0.0", "1.0",],]
frame_468 = [ [ "0.9998948577669775", "-0.003894049701692973", "0.013968170534180382", "-2.7339172728624113",], [ "0.003300408546856636", "0.9991006173329147", "0.042273676778901974", "-8.228742481665257",], [ "-0.014120223602160933", "-0.042223131360711465", "0.9990084216179186", "0.20735508545094622",], [ "0.0", "0.0", "0.0", "1.0",],]
frame_469 = [ [ "0.9998057506701161", "-0.007086016288773875", "0.018391555130482767", "-3.589191124608226",], [ "0.006169103005641778", "0.9987579569140012", "0.04944174015010858", "-9.62697803642639",], [ "-0.018719057002640507", "-0.04931867672718123", "0.9986076632145465", "0.3068427604642577",], [ "0.0", "0.0", "0.0", "1.0",],]
frame_470 = [ [ "0.9998846712663826", "-0.0032175190172184587", "0.014842228198223603", "-2.899801362262496",], [ "0.002549644273796524", "0.9989927342253886", "0.04479973525540218", "-8.718792322954279",], [ "-0.014971422129890503", "-0.04475672615653181", "0.9988857251874025", "0.23769622297036883",], [ "0.0", "0.0", "0.0", "1.0",],]
frame_471 = [ [ "0.9998051537233833", "-0.004216217236158581", "0.01928414116250854", "-3.7634033332768473",], [ "0.0032247246333204243", "0.998685260746129", "0.051160053943190065", "-9.951913037058869",], [ "-0.019474489446382505", "-0.051087899552127655", "0.9985042667811489", "0.3289251914821955",], [ "0.0", "0.0", "0.0", "1.0",],]
frame_472 = [ [ "0.9998051537233832", "-0.0042162172361581", "0.019284141162509767", "-3.763403333277084",], [ "0.0032247246333207006", "0.9986852607461291", "0.05116005394319136", "-9.951913037059125",], [ "-0.019474489446383744", "-0.0510878995521288", "0.9985042667811488", "0.3289251914822401",], [ "0.0", "0.0", "0.0", "1.0",],]
frame_473 = [ [ "0.999805153723383", "-0.004216217236157904", "0.019284141162508595", "-3.7634033332768557",], [ "0.003224724633320788", "0.9986852607461293", "0.0511600539431892", "-9.951913037058702",], [ "-0.019474489446382484", "-0.051087899552126524", "0.9985042667811491", "0.3289251914820705",], [ "0.0", "0.0", "0.0", "1.0",],]
frame_474 = [ [ "0.9998051537233829", "-0.004216217236157561", "0.019284141162510725", "-3.763403333277269",], [ "0.003224724633320959", "0.9986852607461292", "0.05116005394318966", "-9.951913037058793",], [ "-0.01947448944638452", "-0.05108789955212694", "0.998504266781149", "0.3289251914820539",], [ "0.0", "0.0", "0.0", "1.0",],]
frame_475 = [ [ "0.9998051537233827", "-0.004216217236157353", "0.019284141162508144", "-3.763403333276767",], [ "0.0032247246333215705", "0.9986852607461294", "0.0511600539431888", "-9.951913037058631",], [ "-0.019474489446381887", "-0.05108789955212575", "0.9985042667811491", "0.3289251914820888",], [ "0.0", "0.0", "0.0", "1.0",],]
frame_476 = [ [ "0.9998051537233825", "-0.00421621723615715", "0.01928414116251066", "-3.763403333277257",], [ "0.0032247246333214595", "0.9986852607461296", "0.051160053943188885", "-9.951913037058643",], [ "-0.019474489446384295", "-0.05108789955212571", "0.9985042667811488", "0.3289251914822114",], [ "0.0", "0.0", "0.0", "1.0",],]
frame_477 = [ [ "0.9998051537233824", "-0.004216217236156613", "0.019284141162507096", "-3.763403333276564",], [ "0.0032247246333218403", "0.9986852607461294", "0.05116005394319285", "-9.951913037059416",], [ "-0.019474489446380736", "-0.051087899552129695", "0.9985042667811489", "0.328925191482209",], [ "0.0", "0.0", "0.0", "1.0",],]
frame_478 = [ [ "0.9998051537233823", "-0.004216217236156601", "0.019284141162512283", "-3.7634033332775734",], [ "0.0032247246333222263", "0.9986852607461298", "0.05116005394318975", "-9.951913037058814",], [ "-0.019474489446385728", "-0.05108789955212646", "0.9985042667811487", "0.3289251914821675",], [ "0.0", "0.0", "0.0", "1.0",],]
frame_479 = [ [ "0.9998136293730282", "-0.004234655924957013", "0.018835450860668682", "-3.675961794116769",], [ "0.0032789836694753403", "0.9987195616346737", "0.050482526425848946", "-9.820007967140617",], [ "-0.019025109356393535", "-0.05041135682996694", "0.9985473150114336", "0.3190955621808143",], [ "0.0", "0.0", "0.0", "1.0",],]
frame_480 = [ [ "0.9998136293730276", "-0.004234655924957286", "0.018835450860668807", "-3.675961794116792",], [ "0.0032789836694752193", "0.9987195616346738", "0.05048252642585121", "-9.820007967141057",], [ "-0.019025109356393708", "-0.05041135682996948", "0.998547315011433", "0.3190955621809252",], [ "0.0", "0.0", "0.0", "1.0",],]
frame_481 = [ [ "0.9998000504269421", "-0.0044388883968407376", "0.019497575133280393", "-3.804567719827077",], [ "0.0034425141938277744", "0.9987007768300264", "0.0508419851611119", "-9.890179697515139",], [ "-0.019697925329912", "-0.05076469864874264", "0.9985163679724052", "0.3263109036366466",], [ "0.0", "0.0", "0.0", "1.0",],]
frame_482 = [ [ "0.9998661181502883", "-0.0032035824723009748", "0.016046271666993323", "-3.1336526697209965",], [ "0.002449228398990472", "0.9989007082139628", "0.04681213955682918", "-9.110161543071403",], [ "-0.01617859868212739", "-0.04676657127673042", "0.9987748198446466", "0.26483124499200866",], [ "0.0", "0.0", "0.0", "1.0",],]
frame_483 = [ [ "0.9998000504269431", "-0.004438888396841848", "0.01949757513328017", "-3.8045677198270367",], [ "0.0034425141938268593", "0.9987007768300261", "0.05084198516111306", "-9.89017969751536",], [ "-0.019697925329911624", "-0.05076469864874386", "0.9985163679724055", "0.3263109036366798",], [ "0.0", "0.0", "0.0", "1.0",],]
frame_484 = [ [ "0.9998661181502893", "-0.0032035824723016704", "0.01604627166698551", "-3.133652669719479",], [ "0.002449228398989971", "0.9989007082139633", "0.04681213955683251", "-9.110161543072055",], [ "-0.016178598682119658", "-0.046766571276733886", "0.9987748198446473", "0.2648312449918392",], [ "0.0", "0.0", "0.0", "1.0",],]
frame_485 = [ [ "0.9998846712663818", "-0.0032175190172191756", "0.014842228198224275", "-2.899801362262626",], [ "0.0025496442737960186", "0.9989927342253884", "0.044799735255403365", "-8.71879232295451",], [ "-0.014971422129890916", "-0.04475672615653292", "0.998885725187403", "0.23769622297031404",], [ "0.0", "0.0", "0.0", "1.0",],]
frame_486 = [ [ "0.9998399905219548", "-0.008696903741089645", "0.01563192945128592", "-3.0509843761092252",], [ "0.007951184695059711", "0.9988561795262961", "0.047149881061055596", "-9.184785028434895",], [ "-0.016024107307326778", "-0.047018044274988534", "0.9987655037582971", "0.2642419845513283",], [ "0.0", "0.0", "0.0", "1.0",],]
frame_487 = [ [ "0.9998297092701635", "-0.008587852522953477", "0.016334051848133208", "-3.1865815491991416",], [ "0.0077945128281576345", "0.9988155668124206", "0.048028211115449304", "-9.355164057199143",], [ "-0.016727164449036106", "-0.047892716379658036", "0.9987124159072418", "0.2799412612919576",], [ "0.0", "0.0", "0.0", "1.0",],]
frame_488 = [ [ "0.9998745773431847", "-0.0031047864446716975", "0.015530289241163408", "-3.0326629334221606",], [ "0.0023929747687160374", "0.9989548961088787", "0.04564415857316072", "-8.882572932048548",], [ "-0.01565577384026218", "-0.04560127017121753", "0.998837034207404", "0.25249338430670243",], [ "0.0", "0.0", "0.0", "1.0",],]
frame_489 = [ [ "0.9998745773431845", "-0.003104786444671691", "0.015530289241161925", "-3.0326629334218698",], [ "0.002392974768715704", "0.9989548961088784", "0.04564415857316237", "-8.882572932048868",], [ "-0.0156557738402606", "-0.04560127017121882", "0.9988370342074047", "0.252493384306652",], [ "0.0", "0.0", "0.0", "1.0",],]
frame_490 = [ [ "0.9997412934387953", "-0.003636647388883445", "0.022452638800083156", "-4.382016029486691",], [ "0.002454168358909896", "0.998619476963443", "0.052470156154896544", "-10.20362046177769",], [ "-0.022612457871361336", "-0.05240147922551224", "0.9983700524975715", "0.3662749349905596",], [ "0.0", "0.0", "0.0", "1.0",],]
frame_491 = [ [ "0.9998119748528176", "-0.002625409234120491", "0.019212552335839666", "-3.751873999312522",], [ "0.001698195115031629", "0.9988401674285868", "0.04811897821625595", "-9.361298974546198",], [ "-0.01931660100160403", "-0.04807730397576795", "0.9986568188162427", "0.2990214335892161",], [ "0.0", "0.0", "0.0", "1.0",],]
frame_492 = [ [ "0.9997412934387959", "-0.0036366473888833637", "0.022452638800082865", "-4.382016029486634",], [ "0.002454168358908516", "0.9986194769634414", "0.05247015615489673", "-10.20362046177772",], [ "-0.022612457871360913", "-0.05240147922551203", "0.9983700524975726", "0.36627493499026154",], [ "0.0", "0.0", "0.0", "1.0",],]
frame_493 = [ [ "0.9998020505535322", "-0.002710051760301519", "0.01971079218104591", "-3.8493872356283387",], [ "0.0017361209140643239", "0.9987844138736472", "0.04926134881667353", "-9.583837399350388",], [ "-0.019820332820604584", "-0.049217377241401676", "0.9985914100293326", "0.31193238413121743",], [ "0.0", "0.0", "0.0", "1.0",],]
frame_494 = [ [ "0.9997298741608382", "-0.003724893271432951", "0.022941313834784597", "-4.477667698080296",], [ "0.0024905323111454923", "0.9985593504453452", "0.05360056797244488", "-10.423828275634392",], [ "-0.02310791983620873", "-0.05352895299067291", "0.9982988907299147", "0.38028047876014776",], [ "0.0", "0.0", "0.0", "1.0",],]
frame_495 = [ [ "0.9997744058521464", "-0.006928865956065793", "0.020078053181203162", "-3.9197470358796256",], [ "0.00591766721952314", "0.9987320708628019", "0.04999231785753558", "-9.732805824724544",], [ "-0.020398985701822074", "-0.04986222464604362", "0.998547765475291", "0.321640185202082",], [ "0.0", "0.0", "0.0", "1.0",],]
frame_496 = [ [ "0.99976546317074", "-0.002870958013228589", "0.02146569940809162", "-4.190950932531161",], [ "0.0017513714755395095", "0.9986458083755552", "0.051995020068061316", "-10.110376454186175",], [ "-0.02158590625725042", "-0.05194523090726792", "0.9984166172680901", "0.3538631356622182",], [ "0.0", "0.0", "0.0", "1.0",],]
frame_497 = [ [ "0.9997744058521463", "-0.006928865956065794", "0.020078053181206774", "-3.9197470358803255",], [ "0.005917667219522833", "0.9987320708628008", "0.0499923178575377", "-9.732805824724958",], [ "-0.020398985701825592", "-0.04986222464604532", "0.9985477654752907", "0.3216401852021381",], [ "0.0", "0.0", "0.0", "1.0",],]
frame_498 = [ [ "0.9997298741608381", "-0.00372489327143357", "0.022941313834786013", "-4.477667698080572",], [ "0.0024905323111445465", "0.9985593504453436", "0.05360056797244404", "-10.423828275634223",], [ "-0.023107919836209877", "-0.05352895299067151", "0.998298890729914", "0.38028047876033294",], [ "0.0", "0.0", "0.0", "1.0",],]
frame_499 = [ [ "0.9998020505535314", "-0.002710051760302686", "0.01971079218105029", "-3.849387235629188",], [ "0.0017361209140631492", "0.998784413873646", "0.049261348816671706", "-9.583837399350031",], [ "-0.01982033282060857", "-0.04921737724139894", "0.998591410029331", "0.31193238413153757",], [ "0.0", "0.0", "0.0", "1.0",],]
frame_500 = [ [ "0.9997298741608378", "-0.0037248932714332777", "0.022941313834784538", "-4.477667698080283",], [ "0.0024905323111452447", "0.9985593504453443", "0.05360056797244405", "-10.423828275634229",], [ "-0.023107919836208173", "-0.05352895299067106", "0.9982988907299127", "0.3802804787606311",], [ "0.0", "0.0", "0.0", "1.0",],]
frame_501 = [ [ "0.9998020505535313", "-0.002710051760302258", "0.019710792181047373", "-3.849387235628621",], [ "0.0017361209140636675", "0.9987844138736466", "0.04926134881667559", "-9.583837399350786",], [ "-0.019820332820605375", "-0.04921737724140223", "0.9985914100293305", "0.3119323841316127",], [ "0.0", "0.0", "0.0", "1.0",],]
frame_502 = [ [ "0.9997073986159624", "-0.003967788346855493", "0.023861555023389488", "-4.655334172231818",], [ "0.0026814623422716055", "0.9985535008788449", "0.05370023875462125", "-10.44383997709938",], [ "-0.0240401104865697", "-0.053620542129210226", "0.9982719622174984", "0.38708840490323787",], [ "0.0", "0.0", "0.0", "1.0",],]
frame_503 = [ [ "0.9998000050791591", "-0.0028445842032664703", "0.019795408164995167", "-3.86573873299138",], [ "0.0018662407730724655", "0.998783907908708", "0.04926684938151374", "-9.58511318288457",], [ "-0.019911478827174093", "-0.0492200532640292", "0.9985894648791436", "0.3124472920345609",], [ "0.0", "0.0", "0.0", "1.0",],]
frame_504 = [ [ "0.9997275397141382", "0.001823360994676305", "0.02327061863801168", "-4.54284471714483",], [ "-0.0030164438237705836", "0.9986767651924615", "0.05133828718777914", "-9.975395313979316",], [ "-0.023146217915041904", "-0.05139449405723678", "0.9984101655015559", "0.35724009406422197",], [ "0.0", "0.0", "0.0", "1.0",],]
frame_505 = [ [ "0.9998829711026278", "-0.0033517815877198154", "0.014926810080102253", "-2.916147076118827",], [ "0.0026799235455541542", "0.9989921634376239", "0.0448048591115055", "-8.719995131031016",], [ "-0.015061942396950816", "-0.044759612938447366", "0.998884235004661", "0.2381223847530791",], [ "0.0", "0.0", "0.0", "1.0",],]
frame_506 = [ [ "0.9998303917152715", "0.0013257033306911619", "0.018369276337462135", "-3.5869550052671846",], [ "-0.0021860254379766604", "0.9988974687125788", "0.046894224509881316", "-9.113839843025056",], [ "-0.018286855805946422", "-0.04692642656624361", "0.9987309454475068", "0.27781900913113167",], [ "0.0", "0.0", "0.0", "1.0",],]
frame_507 = [ [ "0.9998834231259467", "-0.0005231735345619323", "0.015259962234144633", "-2.9794710305725447",], [ "-0.000245471178284919", "0.9987328788613143", "0.050324709887769804", "-9.786249915139992",], [ "-0.015266954569766499", "-0.050322589071307766", "0.9986163212802708", "0.2890933130572589",], [ "0.0", "0.0", "0.0", "1.0",],]
frame_508 = [ [ "0.9998847636533292", "-0.0003885206283657361", "0.015175917291669908", "-2.963229068949369",], [ "-0.0003756620047345364", "0.9987330924054221", "0.05031966824571399", "-9.78506323979186",], [ "-0.01517624103592087", "-0.05031957060648729", "0.9986178561001275", "0.2886579962547777",], [ "0.0", "0.0", "0.0", "1.0",],]
frame_509 = [ [ "0.9998656265978497", "-7.465386533130046e-05", "0.016392778132078047", "-3.199734654253527",], [ "-0.0007975009687857501", "0.9985840587395942", "0.05319061593328523", "-10.343126708563487",], [ "-0.016373537806223214", "-0.05319654178569507", "0.9984498160657694", "0.32765504040659754",], [ "0.0", "0.0", "0.0", "1.0",],]
frame_510 = [ [ "0.9998656265978495", "-7.465386533136658e-05", "0.016392778132077145", "-3.1997346542533522",], [ "-0.000797500968785344", "0.9985840587395941", "0.05319061593328467", "-10.343126708563377",], [ "-0.01637353780622227", "-0.053196541785694405", "0.998449816065769", "0.32765504040664456",], [ "0.0", "0.0", "0.0", "1.0",],]
frame_511 = [ [ "0.999862628759997", "-0.0048546732267728205", "0.015847894402975234", "-3.0922508657550214",], [ "0.004014856306104875", "0.9986075599551059", "0.05260059057986295", "-10.235653302064167",], [ "-0.01608118583897787", "-0.052529737752721475", "0.9984898708117476", "0.31866627733240926",], [ "0.0", "0.0", "0.0", "1.0",],]
frame_512 = [ [ "0.9998656265978502", "-7.465386533124991e-05", "0.01639277813207757", "-3.199734654253436",], [ "-0.0007975009687852791", "0.9985840587395951", "0.05319061593328431", "-10.34312670856331",], [ "-0.016373537806222638", "-0.05319654178569414", "0.9984498160657697", "0.32765504040652355",], [ "0.0", "0.0", "0.0", "1.0",],]
frame_513 = [ [ "0.9998656265978502", "-7.465386533180836e-05", "0.016392778132078754", "-3.1997346542536658",], [ "-0.0007975009687851398", "0.998584058739595", "0.05319061593328759", "-10.34312670856395",], [ "-0.016373537806223765", "-0.05319654178569738", "0.9984498160657689", "0.32765504040670307",], [ "0.0", "0.0", "0.0", "1.0",],]
frame_514 = [ [ "0.9998656265978502", "-7.465386533160679e-05", "0.016392778132075774", "-3.1997346542530862",], [ "-0.0007975009687850622", "0.9985840587395951", "0.05319061593328512", "-10.343126708563465",], [ "-0.016373537806220764", "-0.0531965417856948", "0.9984498160657684", "0.3276550404067521",], [ "0.0", "0.0", "0.0", "1.0",],]
frame_515 = [ [ "0.9998849215930121", "-8.656952760647536e-05", "0.0151702365390943", "-2.962285284005262",], [ "-0.0006897180538000606", "0.9986902804714092", "0.05115904593465032", "-9.948046952879903",], [ "-0.015154796598481044", "-0.051163621819156145", "0.9985752930763006", "0.29765312662731813",], [ "0.0", "0.0", "0.0", "1.0",],]
frame_516 = [ [ "0.9998999241227875", "0.0005959455170666301", "0.014134588362758225", "-2.7619094716783748",], [ "-0.0013010567754253043", "0.9987519258786263", "0.04992892753705795", "-9.707364524166692",], [ "-0.014087192428264707", "-0.049942320757787144", "0.9986527502624875", "0.280048217538686",], [ "0.0", "0.0", "0.0", "1.0",],]
frame_517 = [ [ "0.9998999241227877", "0.000595945517067119", "0.014134588362756351", "-2.7619094716780115",], [ "-0.001301056775425661", "0.9987519258786258", "0.04992892753705389", "-9.7073645241659",], [ "-0.01408719242826286", "-0.04994232075778319", "0.9986527502624879", "0.28004821753858555",], [ "0.0", "0.0", "0.0", "1.0",],]
frame_518 = [ [ "0.999863386394666", "-3.974143132784889e-05", "0.016528973592154113", "-3.226148015886914",], [ "-0.0008428833609828599", "0.998573474743759", "0.053388248574129556", "-10.381384092645522",], [ "-0.016507516319275616", "-0.053394887009817885", "0.9984370225238004", "0.33037234861683507",], [ "0.0", "0.0", "0.0", "1.0",],]
frame_519 = [ [ "0.9998015082431282", "0.0002738738892768902", "0.01992157393029774", "-3.887297013732118",], [ "-0.0012675329869493732", "0.9987542618866612", "0.04988304043818028", "-9.696498386508015",], [ "-0.019883095204077283", "-0.04989839031794758", "0.9985563645427331", "0.31864567035047175",], [ "0.0", "0.0", "0.0", "1.0",],]
frame_520 = [ [ "0.9998022646445724", "0.00014244654655510495", "0.019884952113784247", "-3.8799462555244975",], [ "-0.0011332546426958943", "0.9987573372731818", "0.04982466233602044", "-9.685748590962017",], [ "-0.019853144473880875", "-0.04983734495300056", "0.9985600090643285", "0.31809521038152483",], [ "0.0", "0.0", "0.0", "1.0",],]
frame_521 = [ [ "0.9998022646445722", "0.0001424465465554905", "0.019884952113784955", "-3.879946255524635",], [ "-0.0011332546426963425", "0.9987573372731815", "0.049824662336020814", "-9.685748590962087",], [ "-0.019853144473881687", "-0.049837344953001", "0.9985600090643285", "0.31809521038147553",], [ "0.0", "0.0", "0.0", "1.0",],]
frame_522 = [ [ "0.999802264644572", "0.00014244654655604964", "0.019884952113785118", "-3.879946255524666",], [ "-0.0011332546426961296", "0.9987573372731815", "0.04982466233602024", "-9.685748590961978",], [ "-0.0198531444738819", "-0.04983734495300052", "0.998560009064328", "0.31809521038161387",], [ "0.0", "0.0", "0.0", "1.0",],]
frame_523 = [ [ "0.9998656265978514", "-7.465386533042158e-05", "0.01639277813207676", "-3.19973465425328",], [ "-0.0007975009687858784", "0.9985840587395944", "0.05319061593328726", "-10.343126708563881",], [ "-0.016373537806221833", "-0.05319654178569697", "0.9984498160657681", "0.32765504040677884",], [ "0.0", "0.0", "0.0", "1.0",],]
frame_524 = [ [ "0.9998849215930136", "-8.656952760645602e-05", "0.01517023653910008", "-2.9622852840063887",], [ "-0.0006897180538009903", "0.9986902804714093", "0.05115904593464429", "-9.948046952878727",], [ "-0.01515479659848671", "-0.05116362181914992", "0.9985752930763008", "0.29765312662732857",], [ "0.0", "0.0", "0.0", "1.0",],]
frame_525 = [ [ "0.9998849215930143", "-8.656952760689032e-05", "0.01517023653909722", "-2.962285284005833",], [ "-0.0006897180538014833", "0.9986902804714091", "0.05115904593464766", "-9.948046952879379",], [ "-0.01515479659848374", "-0.0511636218191532", "0.9985752930763007", "0.29765312662735244",], [ "0.0", "0.0", "0.0", "1.0",],]
frame_526 = [ [ "0.9998396199184049", "-0.003153605794496308", "0.017629214727733645", "-3.4428147310417203",], [ "0.0023048959759155215", "0.9988467463760249", "0.04795690470170099", "-9.327105340777624",], [ "-0.017760120944510044", "-0.04790857986332027", "0.9986938199866523", "0.2847274219685458",], [ "0.0", "0.0", "0.0", "1.0",],]
frame_527 = [ [ "0.9998676605130935", "-0.007700896641878011", "0.014330305334844981", "-2.798860821162346",], [ "0.00704844992671962", "0.9989605147789717", "0.04503564439598462", "-8.771685022221845",], [ "-0.014662224036926108", "-0.044928677962318586", "0.998882592241383", "0.23783383989913953",], [ "0.0", "0.0", "0.0", "1.0",],]
frame_528 = [ [ "0.9998026320683099", "-0.006261447940458857", "0.01885447371251679", "-3.678843428785744",], [ "0.005343217766783799", "0.998815509972425", "0.04836348893970125", "-9.41602501504145",], [ "-0.01913496624463955", "-0.048253199978988824", "0.998651832100968", "0.29807322997430197",], [ "0.0", "0.0", "0.0", "1.0",],]
frame_529 = [ [ "0.9998026320683094", "-0.006261447940459251", "0.018854473712519908", "-3.6788434287863483",], [ "0.0053432177667840286", "0.9988155099724246", "0.04836348893969816", "-9.416025015040853",], [ "-0.01913496624464258", "-0.04825319997898554", "0.9986518321009676", "0.29807322997433944",], [ "0.0", "0.0", "0.0", "1.0",],]
frame_530 = [ [ "0.9997741771862054", "-0.004946815078702808", "0.020666970078587633", "-4.031903335723072",], [ "0.003911029113290549", "0.9987485032397644", "0.04986111839503013", "-9.706862803101677",], [ "-0.02088775916480313", "-0.049769029495306816", "0.9985423101802864", "0.32187240089712876",], [ "0.0", "0.0", "0.0", "1.0",],]
frame_531 = [ [ "0.9997439577118388", "-0.006229697595075748", "0.02175338793269429", "-4.242082340703788",], [ "0.005104665611155911", "0.9986653360918324", "0.05139541689279258", "-10.007415077808988",], [ "-0.02204453237595006", "-0.051271213721336285", "0.9984414360571597", "0.344387560900294",], [ "0.0", "0.0", "0.0", "1.0",],]
frame_532 = [ [ "0.9997439577118389", "-0.006229697595076534", "0.021753387932697196", "-4.242082340704351",], [ "0.0051046656111560056", "0.9986653360918325", "0.051395416892788835", "-10.007415077808258",], [ "-0.02204453237595276", "-0.051271213721332254", "0.9984414360571605", "0.34438756090015143",], [ "0.0", "0.0", "0.0", "1.0",],]
frame_533 = [ [ "0.9998233914912955", "0.0016862808048069705", "0.018717432620390818", "-3.6498438732606053",], [ "-0.002725271420153117", "0.9984481039145571", "0.05562334658316825", "-10.816625179106525",], [ "-0.01859458852832991", "-0.055664533111049457", "0.998276365056797", "0.36539278762880245",], [ "0.0", "0.0", "0.0", "1.0",],]
frame_534 = [ [ "0.9998233914912953", "0.0016862808048067116", "0.018717432620389683", "-3.6498438732603833",], [ "-0.0027252714201531107", "0.998448103914557", "0.05562334658316695", "-10.816625179106273",], [ "-0.01859458852832872", "-0.05566453311104797", "0.9982763650567977", "0.3653927876286965",], [ "0.0", "0.0", "0.0", "1.0",],]
frame_535 = [ [ "0.9998311954676522", "-0.002784110179135021", "0.01816120316068308", "-3.540339587164049",], [ "0.00176490176977633", "0.9984350039238694", "0.05589658362801058", "-10.876766363150765",], [ "-0.01828840319645083", "-0.055855095291742936", "0.9982713772509442", "0.36590252507248616",], [ "0.0", "0.0", "0.0", "1.0",],]
frame_536 = [ [ "0.999831195467652", "-0.0027841101791354034", "0.018161203160683443", "-3.5403395871641195",], [ "0.0017649017697760059", "0.9984350039238692", "0.05589658362800961", "-10.876766363150573",], [ "-0.018288403196451124", "-0.055855095291741805", "0.9982713772509441", "0.3659025250724181",], [ "0.0", "0.0", "0.0", "1.0",],]
frame_537 = [ [ "0.9998311954676516", "-0.0027841101791357633", "0.018161203160683984", "-3.5403395871642243",], [ "0.0017649017697754714", "0.9984350039238689", "0.05589658362801065", "-10.876766363150773",], [ "-0.01828840319645163", "-0.055855095291742735", "0.9982713772509436", "0.36590252507251547",], [ "0.0", "0.0", "0.0", "1.0",],]
frame_538 = [ [ "0.9998311954676516", "-0.0027841101791363496", "0.018161203160682995", "-3.5403395871640306",], [ "0.0017649017697757756", "0.9984350039238687", "0.0558965836280113", "-10.876766363150903",], [ "-0.01828840319645067", "-0.05585509529174331", "0.9982713772509431", "0.36590252507266063",], [ "0.0", "0.0", "0.0", "1.0",],]
frame_539 = [ [ "0.9998311954676513", "-0.0027841101791366172", "0.018161203160685476", "-3.5403395871645134",], [ "0.0017649017697753994", "0.9984350039238686", "0.05589658362800925", "-10.876766363150502",], [ "-0.01828840319645316", "-0.05585509529174122", "0.9982713772509432", "0.3659025250726752",], [ "0.0", "0.0", "0.0", "1.0",],]
frame_540 = [ [ "0.9998626287600013", "-0.0048546732267774565", "0.01584789440297414", "-3.092250865754817",], [ "0.004014856306099776", "0.9986075599551045", "0.052600590579864395", "-10.235653302064433",], [ "-0.016081185838975148", "-0.0525297377527204", "0.9984898708117499", "0.3186662773319358",], [ "0.0", "0.0", "0.0", "1.0",],]
frame_541 = [ [ "0.9998626287600018", "-0.00485467322677754", "0.015847894402976362", "-3.092250865755251",], [ "0.004014856306099852", "0.9986075599551045", "0.05260059057986315", "-10.235653302064192",], [ "-0.01608118583897741", "-0.0525297377527192", "0.9984898708117496", "0.3186662773320444",], [ "0.0", "0.0", "0.0", "1.0",],]
frame_542 = [ [ "0.9998626287600026", "-0.00485467322677806", "0.015847894402974946", "-3.0922508657549788",], [ "0.00401485630609983", "0.9986075599551048", "0.05260059057986555", "-10.23565330206466",], [ "-0.016081185838975994", "-0.052529737752721614", "0.9984898708117501", "0.3186662773319508",], [ "0.0", "0.0", "0.0", "1.0",],]
frame_543 = [ [ "0.9998626287600029", "-0.004854673226777346", "0.0158478944029754", "-3.0922508657550685",], [ "0.004014856306099226", "0.998607559955105", "0.05260059057986419", "-10.235653302064392",], [ "-0.01608118583897649", "-0.05252973775272024", "0.9984898708117508", "0.3186662773317961",], [ "0.0", "0.0", "0.0", "1.0",],]
frame_544 = [ [ "0.9997992679072453", "-0.0033946238120653636", "0.01974589631603441", "-3.8528222966386423",], [ "0.0024019173438726915", "0.9987422085816383", "0.05008224825768831", "-9.741053643972181",], [ "-0.019891070489591645", "-0.05002476713234427", "0.9985498825738043", "0.3198760609570031",], [ "0.0", "0.0", "0.0", "1.0",],]
frame_545 = [ [ "0.9998498917019579", "-0.007686336701836228", "0.015527855347806601", "-3.0314502870430915",], [ "0.006947940916324716", "0.9988679118252894", "0.04705975821027136", "-9.165332814674063",], [ "-0.015871993593093926", "-0.04694480752853661", "0.9987713776763503", "0.2650360052323945",], [ "0.0", "0.0", "0.0", "1.0",],]
frame_546 = [ [ "0.9998026320683132", "-0.0062614479404622825", "0.018854473712517045", "-3.6788434287858016",], [ "0.005343217766780384", "0.998815509972425", "0.048363488939705025", "-9.416025015042178",], [ "-0.019134966244638254", "-0.04825319997898978", "0.9986518321009724", "0.2980732299733212",], [ "0.0", "0.0", "0.0", "1.0",],]
frame_547 = [ [ "0.999849891701959", "-0.007686336701836387", "0.015527855347808421", "-3.0314502870434477",], [ "0.006947940916324826", "0.9988679118252893", "0.04705975821026189", "-9.165332814672219",], [ "-0.01587199359309537", "-0.04694480752852698", "0.9987713776763504", "0.2650360052323576",], [ "0.0", "0.0", "0.0", "1.0",],]
frame_548 = [ [ "0.9997727225362223", "-0.007540019804685514", "0.019941197904623672", "-3.8890836850046133",], [ "0.006537011599457535", "0.9987331366158301", "0.04989378022212357", "-9.715798628325128",], [ "-0.02029213522216073", "-0.04975208464827648", "0.9985554362784784", "0.31971589713270976",], [ "0.0", "0.0", "0.0", "1.0",],]
frame_549 = [ [ "0.9998841842136301", "-0.0025233004044065313", "0.01500836815006614", "-2.9328433007234342",], [ "0.0018369422612592185", "0.9989594169125805", "0.045570922799579444", "-8.867315168330292",], [ "-0.01510773982392218", "-0.045538075461582124", "0.9988483567993165", "0.2479802371240614",], [ "0.0", "0.0", "0.0", "1.0",],]
frame_550 = [ [ "0.9997719562978794", "-0.004674617402259206", "0.020837066791378187", "-4.063933547337081",], [ "0.003593661097449284", "0.9986605686494534", "0.05161544560174623", "-10.041388287459847",], [ "-0.021050439431092888", "-0.05152879366812065", "0.9984496293869278", "0.3422754830977478",], [ "0.0", "0.0", "0.0", "1.0",],]
frame_551 = [ [ "0.999849891701959", "-0.007686336701837785", "0.015527855347807288", "-3.031450287043227",], [ "0.006947940916324349", "0.9988679118252893", "0.04705975821026125", "-9.165332814672093",], [ "-0.01587199359309396", "-0.04694480752852579", "0.9987713776763519", "0.26503600523210474",], [ "0.0", "0.0", "0.0", "1.0",],]
frame_552 = [ [ "0.9998503210277504", "-0.007683104400273925", "0.015501788525678293", "-3.026370131273062",], [ "0.006946465616661327", "0.9988694948777259", "0.04702636301215763", "-9.158820745591477",], [ "-0.01584557213092643", "-0.04691164151347225", "0.9987733555388745", "0.2645275783937029",], [ "0.0", "0.0", "0.0", "1.0",],]
frame_553 = [ [ "0.9998503210277506", "-0.0076831044002741615", "0.015501788525678213", "-3.0263701312730484",], [ "0.006946465616661922", "0.9988694948777266", "0.04702636301215613", "-9.158820745591186",], [ "-0.015845572130926362", "-0.04691164151347061", "0.9987733555388747", "0.2645275783937161",], [ "0.0", "0.0", "0.0", "1.0",],]
frame_554 = [ [ "0.9998503210277508", "-0.0076831044002738874", "0.015501788525676923", "-3.026370131272798",], [ "0.0069464656166618195", "0.9988694948777268", "0.047026363012157894", "-9.158820745591532",], [ "-0.015845572130925124", "-0.046911641513472435", "0.9987733555388756", "0.2645275783935582",], [ "0.0", "0.0", "0.0", "1.0",],]
frame_555 = [ [ "0.9998503210277504", "-0.007683104400274058", "0.015501788525680286", "-3.026370131273451",], [ "0.006946465616661878", "0.9988694948777268", "0.047026363012157665", "-9.158820745591486",], [ "-0.015845572130928305", "-0.046911641513472", "0.9987733555388765", "0.2645275783934502",], [ "0.0", "0.0", "0.0", "1.0",],]
frame_556 = [ [ "0.9998503210277511", "-0.007683104400274569", "0.015501788525676562", "-3.0263701312727274",], [ "0.006946465616661994", "0.9988694948777274", "0.04702636301215856", "-9.15882074559166",], [ "-0.01584557213092449", "-0.04691164151347265", "0.9987733555388774", "0.2645275783931884",], [ "0.0", "0.0", "0.0", "1.0",],]
frame_557 = [ [ "0.9998503210277515", "-0.007683104400274477", "0.01550178852567972", "-3.0263701312733424",], [ "0.006946465616661598", "0.9988694948777277", "0.047026363012156534", "-9.158820745591266",], [ "-0.015845572130927466", "-0.046911641513470395", "0.9987733555388782", "0.2645275783930347",], [ "0.0", "0.0", "0.0", "1.0",],]
frame_558 = [ [ "0.9998503210277514", "-0.007683104400274546", "0.015501788525679312", "-3.026370131273264",], [ "0.006946465616662054", "0.9988694948777284", "0.04702636301215692", "-9.158820745591344",], [ "-0.01584557213092691", "-0.04691164151347047", "0.9987733555388787", "0.2645275783929199",], [ "0.0", "0.0", "0.0", "1.0",],]
frame_559 = [ [ "0.9998846712663941", "-0.003217519017229879", "0.014842228198225036", "-2.8998013622627985",], [ "0.0025496442737878242", "0.9989927342253931", "0.044799735255407334", "-8.718792322955268",], [ "-0.014971422129885848", "-0.04475672615652683", "0.9988857251874187", "0.23769622296734738",], [ "0.0", "0.0", "0.0", "1.0",],]
frame_560 = [ [ "0.9998846712663944", "-0.003217519017229674", "0.014842228198228152", "-2.8998013622634065",], [ "0.002549644273787357", "0.9989927342253936", "0.044799735255408", "-8.718792322955393",], [ "-0.014971422129888962", "-0.04475672615652768", "0.998885725187418", "0.23769622296733564",], [ "0.0", "0.0", "0.0", "1.0",],]
frame_561 = [ [ "0.9998848154276138", "-0.003215728677941648", "0.014832901482077887", "-2.8979864463948664",], [ "0.002548485429199819", "0.99899337290255", "0.0447855570336112", "-8.716031064567499",], [ "-0.01496198848161537", "-0.04474259699506373", "0.9988864995157597", "0.23747927011455944",], [ "0.0", "0.0", "0.0", "1.0",],]
frame_562 = [ [ "0.9998935958574705", "-0.004368849097903991", "0.013917978330098425", "-2.723714887950893",], [ "0.003782637479188125", "0.9991158890809255", "0.041870417238665344", "-8.152165928221544",], [ "-0.014088598828059802", "-0.041813315386344044", "0.9990261047838032", "0.20394174485308983",], [ "0.0", "0.0", "0.0", "1.0",],]
frame_563 = [ [ "0.9998931641200279", "-0.004368296506469727", "0.013949133725449746", "-2.729789107840379",], [ "0.003780123016520018", "0.9991139425093938", "0.04191706756588496", "-8.161250952204712",], [ "-0.01411988017082682", "-0.04185985987761789", "0.9990237139903254", "0.20453822642588523",], [ "0.0", "0.0", "0.0", "1.0",],]
frame_564 = [ [ "0.9998931641200277", "-0.004368296506469768", "0.013949133725448641", "-2.7297891078401646",], [ "0.0037801230165199406", "0.9991139425093931", "0.0419170675658843", "-8.161250952204584",], [ "-0.01411988017082569", "-0.0418598598776172", "0.9990237139903253", "0.2045382264258481",], [ "0.0", "0.0", "0.0", "1.0",],]
frame_565 = [ [ "0.9998931641200277", "-0.004368296506470256", "0.013949133725449226", "-2.729789107840279",], [ "0.0037801230165195646", "0.9991139425093931", "0.04191706756588454", "-8.16125095220463",], [ "-0.014119880170826228", "-0.041859859877617166", "0.9990237139903256", "0.20453822642570715",], [ "0.0", "0.0", "0.0", "1.0",],]
frame_566 = [ [ "0.9998931641200279", "-0.004368296506470412", "0.01394913372544801", "-2.7297891078400407",], [ "0.0037801230165192424", "0.999113942509393", "0.04191706756588505", "-8.161250952204728",], [ "-0.014119880170824972", "-0.041859859877617554", "0.9990237139903261", "0.20453822642564995",], [ "0.0", "0.0", "0.0", "1.0",],]
frame_567 = [ [ "0.9998938373645486", "-0.0035476916109494433", "0.014132511618654933", "-2.7616133325586607",], [ "0.002959730745236073", "0.9991378858043145", "0.04140923984337367", "-8.057953973332026",], [ "-0.0142672349925682", "-0.041363015300182285", "0.9990423149051209", "0.20520130382630852",], [ "0.0", "0.0", "0.0", "1.0",],]
frame_568 = [ [ "0.9998938373645488", "-0.003547691610949764", "0.014132511618655346", "-2.7616133325587424",], [ "0.0029597307452360632", "0.9991378858043143", "0.041409239843376244", "-8.057953973332527",], [ "-0.014267234992568538", "-0.04136301530018455", "0.9990423149051207", "0.20520130382638457",], [ "0.0", "0.0", "0.0", "1.0",],]
frame_569 = [ [ "0.9998938373645491", "-0.0035476916109496073", "0.01413251161865595", "-2.761613332558862",], [ "0.002959730745235903", "0.999137885804314", "0.04140923984337513", "-8.05795397333231",], [ "-0.01426723499256916", "-0.041363015300183395", "0.9990423149051206", "0.20520130382640545",], [ "0.0", "0.0", "0.0", "1.0",],]
frame_570 = [ [ "0.9999097813195257", "-0.003567485611828227", "0.012949991041278787", "-2.5319452196665897",], [ "0.003054385882668064", "0.9992177688259195", "0.03942741672284094", "-7.672520802578687",], [ "-0.013080517896444634", "-0.039384305363499406", "0.9991385171950061", "0.18097957445444635",], [ "0.0", "0.0", "0.0", "1.0",],]
frame_571 = [ [ "0.9999097813195258", "-0.0035674856118280015", "0.012949991041280291", "-2.531945219666882",], [ "0.00305438588266805", "0.9992177688259196", "0.03942741672284236", "-7.672520802578964",], [ "-0.013080517896446", "-0.0393843053635007", "0.9991385171950059", "0.1809795744544598",], [ "0.0", "0.0", "0.0", "1.0",],]
frame_572 = [ [ "0.9999097813195258", "-0.0035674856118287786", "0.012949991041280718", "-2.5319452196669645",], [ "0.0030543858826685357", "0.9992177688259198", "0.03942741672284304", "-7.672520802579098",], [ "-0.013080517896446403", "-0.0393843053635013", "0.9991385171950059", "0.18097957445443702",], [ "0.0", "0.0", "0.0", "1.0",],]
frame_573 = [ [ "0.9998931641200289", "-0.0043682965064705806", "0.013949133725447933", "-2.7297891078400283",], [ "0.003780123016518693", "0.9991139425093934", "0.04191706756588652", "-8.161250952205013",], [ "-0.014119880170824424", "-0.04185985987761785", "0.999023713990328", "0.20453822642528427",], [ "0.0", "0.0", "0.0", "1.0",],]
frame_574 = [ [ "0.9999097813195261", "-0.00356748561182963", "0.012949991041279299", "-2.5319452196666883",], [ "0.0030543858826683414", "0.9992177688259204", "0.03942741672284255", "-7.672520802579001",], [ "-0.013080517896444774", "-0.03938430536350035", "0.9991385171950067", "0.18097957445432297",], [ "0.0", "0.0", "0.0", "1.0",],]
frame_575 = [ [ "0.9998952985903488", "-0.0038945895506234188", "0.01393642813536044", "-2.7277288639760227",], [ "0.003302955583870012", "0.9991026092698716", "0.042226373684611226", "-8.219530507291886",], [ "-0.014088376107645054", "-0.04217592112061919", "0.9990108654746043", "0.2067462571086422",], [ "0.0", "0.0", "0.0", "1.0",],]
frame_576 = [ [ "0.9998942451551854", "-0.0035452553499611904", "0.014104242981024456", "-2.756104406789982",], [ "0.0029589988633478186", "0.9991394372579904", "0.041371841166659075", "-8.050661570290725",], [ "-0.01423877913623618", "-0.04132573145505339", "0.9990442638284136", "0.20469314912617484",], [ "0.0", "0.0", "0.0", "1.0",],]
frame_577 = [ [ "0.9998952985903494", "-0.003894589550623888", "0.013936428135358609", "-2.7277288639756674",], [ "0.003302955583869019", "0.9991026092698714", "0.04222637368461231", "-8.219530507292095",], [ "-0.014088376107643222", "-0.042175921120620075", "0.9990108654746057", "0.20674625710836328",], [ "0.0", "0.0", "0.0", "1.0",],]
