frame_2626 = [ [ "1.0", "0.0", "0.0", "0.0",], [ "0.0", "1.0", "0.0", "0.0",], [ "0.0", "0.0", "1.0", "0.0",], [ "0.0", "0.0", "0.0", "1.0",],]
frame_2627 = [ [ "0.9999720530691519", "-0.004794982740757199", "-0.005735958610493185", "1.0732780588142918",], [ "0.004864053306709385", "0.9999150954700969", "0.012088955143330216", "-2.370601040392099",], [ "0.005677505270357759", "-0.012116517302583906", "0.9999104739637253", "-0.014238874229006744",], [ "0.0", "0.0", "0.0", "1.0",],]
frame_2628 = [ [ "0.9999860392935717", "-0.0028505842214243053", "-0.00444920077681122", "0.8204920553240692",], [ "0.0029054307798596665", "0.9999192688789436", "0.012369890726411365", "-2.425381599088206",], [ "0.004413580172519255", "-0.012382644878881497", "0.9999135914747154", "-0.014517842941448826",], [ "0.0", "0.0", "0.0", "1.0",],]
frame_2629 = [ [ "0.9999860392935711", "-0.0028505842214242745", "-0.004449200776807646", "0.8204920553233751",], [ "0.002905430779859607", "0.999919268878943", "0.012369890726412707", "-2.425381599088468",], [ "0.004413580172515723", "-0.012382644878883487", "0.9999135914747144", "-0.014517842941191026",], [ "0.0", "0.0", "0.0", "1.0",],]
frame_2630 = [ [ "0.9999797825040093", "-0.003979741073707545", "-0.0049594600734962045", "0.9170915019236591",], [ "0.004039233620893179", "0.9999193094056651", "0.012044055357530427", "-2.3642037291071314",], [ "0.004911127669914923", "-0.012063844274759802", "0.9999151686449824", "-0.015404904355872395",], [ "0.0", "0.0", "0.0", "1.0",],]
frame_2631 = [ [ "0.9999792857587279", "-0.004093180356994012", "-0.004967285780999349", "0.9185707323755603",], [ "0.004132962609531174", "0.9999592566442442", "0.008025189814625102", "-1.5841052323152216",], [ "0.004934234847797224", "-0.008045553185310075", "0.9999554602083083", "-0.021150800071541565",], [ "0.0", "0.0", "0.0", "1.0",],]
frame_2632 = [ [ "0.9999775364417334", "-0.004307943634777127", "-0.0051350008337009544", "0.9512107681437382",], [ "0.004340200754021907", "0.9999708157633955", "0.006287310943879079", "-1.2468687554973528",], [ "0.005107765591461084", "-0.006309456642993599", "0.9999670502009224", "-0.02506228028645392",], [ "0.0", "0.0", "0.0", "1.0",],]
frame_2633 = [ [ "0.9999775364417334", "-0.0043079436347771725", "-0.005135000833700809", "0.95121076814371",], [ "0.004340200754021917", "0.9999708157633962", "0.00628731094387886", "-1.24686875549731",], [ "0.00510776559146091", "-0.006309456642992823", "0.9999670502009228", "-0.025062280286511914",], [ "0.0", "0.0", "0.0", "1.0",],]
frame_2634 = [ [ "0.9999799021689226", "-0.003910600970398916", "-0.004990236295497391", "0.9233533721495311",], [ "0.003964432776097415", "0.9999335651214842", "0.010823521432709518", "-2.127226012860409",], [ "0.004947578296337387", "-0.010843087359734159", "0.9999289719402644", "-0.01670368883213728",], [ "0.0", "0.0", "0.0", "1.0",],]
frame_2635 = [ [ "0.9999793866463894", "-0.003762089935854845", "-0.005203168422005994", "0.9654237537423973",], [ "0.00383158378831495", "0.9999027243561223", "0.0134112188439329", "-2.6294710516407362",], [ "0.005152208069007099", "-0.013430878769510851", "0.9998965277704978", "-0.009675915359040842",], [ "0.0", "0.0", "0.0", "1.0",],]
frame_2636 = [ [ "0.9999930971157273", "-0.00212042542253702", "-0.0030511500989565173", "0.5537755986214319",], [ "0.002165424732785035", "0.9998878125581424", "0.014821377581806766", "-2.8995467854146115",], [ "0.0030193801724106434", "-0.014827882307440771", "0.9998855020699404", "-0.00432220670176539",], [ "0.0", "0.0", "0.0", "1.0",],]
frame_2637 = [ [ "0.9999930971157279", "-0.0021204254225372053", "-0.003051150098951566", "0.5537755986204678",], [ "0.0021654247327851407", "0.9998878125581423", "0.014821377581805769", "-2.8995467854144175",], [ "0.003019380172405699", "-0.014827882307439292", "0.9998855020699406", "-0.004322206701800822",], [ "0.0", "0.0", "0.0", "1.0",],]
frame_2638 = [ [ "0.9999931101416861", "-0.0020207883095695206", "-0.0031138535243963633", "0.5660947376964186",], [ "0.002067041161480458", "0.9998865096777467", "0.014922972401390339", "-2.9190539169377945",], [ "0.0030833439639836708", "-0.014929306047630712", "0.9998837976539786", "-0.004214537162452703",], [ "0.0", "0.0", "0.0", "1.0",],]
frame_2639 = [ [ "0.9999893245837815", "-0.0022497506699015956", "-0.004036005501102007", "0.744379996006766",], [ "0.00231015814074766", "0.9998844428907963", "0.015025446227338226", "-2.9397350429253892",], [ "0.0040017356042580336", "-0.01503460963540939", "0.9998789659880212", "-0.0056673734342506474",], [ "0.0", "0.0", "0.0", "1.0",],]
frame_2640 = [ [ "0.9999895518090473", "-0.0025464902085167544", "-0.003796269269963198", "0.6986301775436825",], [ "0.0026093431261175184", "0.9998580655262315", "0.016644522540304043", "-3.253873511130612",], [ "0.0037533453348077327", "-0.016654254404278125", "0.9998542634849574", "-0.0008078158402318059",], [ "0.0", "0.0", "0.0", "1.0",],]
frame_2641 = [ [ "0.9999769179652686", "-0.003954897470491295", "-0.005524701140621339", "1.0334023369995085",], [ "0.004049097157130152", "0.9998448181030853", "0.0171448104282865", "-3.3525328827419614",], [ "0.0054560378396235655", "-0.017166784742858855", "0.9998377534143715", "0.000934973019694555",], [ "0.0", "0.0", "0.0", "1.0",],]
frame_2642 = [ [ "0.9999706858299328", "-0.0038867996142209846", "-0.006596989433509516", "1.2388878171243032",], [ "0.004003346070556591", "0.9998345068318691", "0.017746328310780546", "-3.4695812983735945",], [ "0.006526921254795803", "-0.017772218123620252", "0.9998207577170581", "0.002753367548506417",], [ "0.0", "0.0", "0.0", "1.0",],]
frame_2643 = [ [ "0.9999741651716164", "-0.0038920075902195155", "-0.006043282738748002", "1.1303167406583674",], [ "0.00398489693061414", "0.9998729252092783", "0.01543547958097368", "-3.021308273703192",], [ "0.0059824397861708584", "-0.015459162666843735", "0.9998626029129497", "-0.0032609628755809264",], [ "0.0", "0.0", "0.0", "1.0",],]
frame_2644 = [ [ "0.9999666709524697", "-0.005167232163668778", "-0.006321130912796586", "1.1823272530453088",], [ "0.005257035617572074", "0.9998843055332208", "0.014273721479213408", "-2.7982672009757312",], [ "0.006246643960203514", "-0.014306476160022851", "0.9998781446652052", "-0.006921607200256571",], [ "0.0", "0.0", "0.0", "1.0",],]
frame_2645 = [ [ "0.9999490186273002", "-0.0056542756550946585", "-0.008365961578399648", "1.5812798118932607",], [ "0.005727920791042492", "0.9999448269902923", "0.00880533354094203", "-1.7352534676598905",], [ "0.008315712220044643", "-0.008852804198211559", "0.9999262356734713", "-0.020961280933984104",], [ "0.0", "0.0", "0.0", "1.0",],]
frame_2646 = [ [ "0.999975085786915", "-0.004175933662417133", "-0.005691167148976944", "1.0604169571807944",], [ "0.004240696864286013", "0.9999258493217066", "0.01141544341541449", "-2.240976437149242",], [ "0.005643075010642651", "-0.011439293523306051", "0.9999186458248145", "-0.01441987723388881",], [ "0.0", "0.0", "0.0", "1.0",],]
frame_2647 = [ [ "0.9999873086209792", "-0.0030852358354249835", "-0.00398295327961131", "0.7296112179006319",], [ "0.003126022554706258", "0.9999423241431847", "0.010275036258562803", "-2.0184590858719456",], [ "0.003951022649293013", "-0.010287356655967927", "0.9999392780129585", "-0.01700504996001799",], [ "0.0", "0.0", "0.0", "1.0",],]
frame_2648 = [ [ "0.9999811901046445", "-0.002059214107723823", "-0.00577746260687667", "1.0791138682979953",], [ "0.00213481954249683", "0.9999117712868333", "0.013110766093285531", "-2.567845510082647",], [ "0.005749954994282979", "-0.013122853321223473", "0.9998973591015701", "-0.013833595065962578",], [ "0.0", "0.0", "0.0", "1.0",],]
frame_2649 = [ [ "0.9999535828069087", "-0.005903934995182725", "-0.007614183030152654", "1.431692963722929",], [ "0.0059822329423729476", "0.9999290411778025", "0.010301723072766406", "-2.0282005693171654",], [ "0.007552822033332624", "-0.010346794712246787", "0.9999179459928386", "-0.01857867694787344",], [ "0.0", "0.0", "0.0", "1.0",],]
frame_2650 = [ [ "0.9999339126596978", "-0.00519333058218443", "-0.010256687113793853", "1.94275418183016",], [ "0.005287565599072044", "0.9999438645040369", "0.009182019972272009", "-1.8095755912257356",], [ "0.010208426084447317", "-0.009235646062934194", "0.9999052409497119", "-0.024094763014565777",], [ "0.0", "0.0", "0.0", "1.0",],]
frame_2651 = [ [ "0.9998715240300171", "-0.004143333025538247", "-0.015484451083232202", "2.962707481015882",], [ "0.004311292488787488", "0.9999320663125263", "0.01082938211720155", "-2.126819694909124",], [ "0.015438529430798965", "-0.010894748799474963", "0.9998214621909417", "-0.017616629611663978",], [ "0.0", "0.0", "0.0", "1.0",],]
frame_2652 = [ [ "0.9998768041708103", "-0.004937990797030749", "-0.014899420393876994", "2.849631911859256",], [ "0.005068569408928865", "0.9999489683548474", "0.008739009682165686", "-1.7215601050282208",], [ "0.014855506902556631", "-0.008813451819038375", "0.9998508073616398", "-0.025155045886708995",], [ "0.0", "0.0", "0.0", "1.0",],]
frame_2653 = [ [ "0.9998767641925581", "-0.004605670423935819", "-0.015008138718207616", "2.8700411624255193",], [ "0.004746757447077738", "0.999944752818639", "0.00937867816968223", "-1.8448788159246121",], [ "0.014964114460184084", "-0.009448762374930518", "0.9998433858200122", "-0.02369048426973454",], [ "0.0", "0.0", "0.0", "1.0",],]
frame_2654 = [ [ "0.999868248312993", "-0.004463526038961136", "-0.015606503478541521", "2.9861349928771723",], [ "0.004609564922400635", "0.9999458113130901", "0.00933414959343911", "-1.8357911145503742",], [ "0.015563994562848812", "-0.009404858994477431", "0.999834641678594", "-0.023717692270876847",], [ "0.0", "0.0", "0.0", "1.0",],]
frame_2655 = [ [ "0.999986986352772", "-0.0026740828070214648", "-0.00434469863904646", "0.8010584443579117",], [ "0.002701224675434712", "0.9999767994685363", "0.006253311915792216", "-1.236392132765566",], [ "0.004327875965847974", "-0.006264966544565587", "0.9999710094216949", "-0.026318572137325236",], [ "0.0", "0.0", "0.0", "1.0",],]
frame_2656 = [ [ "0.9999908893683466", "-0.001761349592084598", "-0.0038882937054893238", "0.7081801121968507",], [ "0.0018001210725165622", "0.9999484738269078", "0.009990458215770862", "-1.960332796094436",], [ "0.003870496667091766", "-0.009997366595819542", "0.9999425343072087", "-0.017583950708487818",], [ "0.0", "0.0", "0.0", "1.0",],]
frame_2657 = [ [ "0.9999903256355175", "-0.000979313122597873", "-0.004288307498676209", "0.7869639975218391",], [ "0.001031631681621024", "0.9999248605436573", "0.012215113704763969", "-2.391392041022729",], [ "0.004276022856437102", "-0.012219419485176027", "0.9999161971965455", "-0.013186712668457582",], [ "0.0", "0.0", "0.0", "1.0",],]
frame_2658 = [ [ "0.9999939275372655", "-0.001835719151738389", "-0.0029622666680205515", "0.5289840455176564",], [ "0.0018678090907952817", "0.9999392107515878", "0.010866742413924626", "-2.1307984708582186",], [ "0.0029421383068900953", "-0.010872209374646826", "0.9999365674309141", "-0.014321347558856345",], [ "0.0", "0.0", "0.0", "1.0",],]
frame_2659 = [ [ "0.9999932842657709", "-0.0017007844456389534", "-0.0032463449678225894", "0.5839778645591431",], [ "0.0017361305629104988", "0.9999389072884189", "0.010916388666121265", "-2.1404403449171663",], [ "0.0032275802157600633", "-0.010921951433271132", "0.9999351447483298", "-0.013982592536250775",], [ "0.0", "0.0", "0.0", "1.0",],]
frame_2660 = [ [ "0.999993927537266", "-0.0018357191517383083", "-0.0029622666680205736", "0.52898404551766",], [ "0.0018678090907952609", "0.9999392107515878", "0.01086674241392474", "-2.130798470858241",], [ "0.002942138306890163", "-0.010872209374647215", "0.9999365674309145", "-0.014321347558995685",], [ "0.0", "0.0", "0.0", "1.0",],]
frame_2661 = [ [ "0.9999876405531716", "-0.00200481430039095", "-0.004549665981790845", "0.837887212590051",], [ "0.002057693900907802", "0.9999300427781863", "0.011647980315182412", "-2.2829916759693356",], [ "0.0045259956622922025", "-0.011657198172529547", "0.9999218094901495", "-0.015569887489547282",], [ "0.0", "0.0", "0.0", "1.0",],]
frame_2662 = [ [ "0.9999842558677281", "-0.0009151364022925221", "-0.005536293169424075", "1.0319670215438717",], [ "0.0009927162092302514", "0.9999011314250913", "0.014026471022630108", "-2.743912934035418",], [ "0.005522909669779799", "-0.014031746155981841", "0.9998862973201594", "-0.011895338395271626",], [ "0.0", "0.0", "0.0", "1.0",],]
frame_2663 = [ [ "0.9999752952034339", "-0.0016165353999533904", "-0.00684074529087734", "1.284877791377938",], [ "0.0017185326226534388", "0.9998870535346843", "0.014930734052648454", "-2.921000952260555",], [ "0.006815836592733364", "-0.014942121235844891", "0.9998651295972576", "-0.01109257168352719",], [ "0.0", "0.0", "0.0", "1.0",],]
frame_2664 = [ [ "0.9999841571024186", "-0.002429503521455001", "-0.005077701924556107", "0.9444937056108262",], [ "0.002494047564650999", "0.9999156836898747", "0.012743831360914977", "-2.497739466277065",], [ "0.005046312608297848", "-0.01275629349181691", "0.9999059014254481", "-0.01554192176306439",], [ "0.0", "0.0", "0.0", "1.0",],]
frame_2665 = [ [ "0.9999788865537875", "-0.004668169321142565", "-0.004520469208852492", "0.8362968915552412",], [ "0.004698537364172612", "0.9999663098618424", "0.006730742004197108", "-1.333200967810613",], [ "0.004488896670287913", "-0.00675183948851689", "0.9999671306949216", "-0.025695422452637992",], [ "0.0", "0.0", "0.0", "1.0",],]
frame_2666 = [ [ "0.9999629382795782", "-0.005796271164138724", "-0.006365949096145203", "1.1972975449186691",], [ "0.005826872733722252", "0.9999715077373315", "0.00479909029644831", "-0.9581694466936199",], [ "0.006337950887152188", "-0.004836006009115488", "0.9999682212072847", "-0.029453544854510252",], [ "0.0", "0.0", "0.0", "1.0",],]
frame_2667 = [ [ "0.9999539497481561", "-0.006408940029607248", "-0.007143099522681289", "1.3445851928744075",], [ "0.006442500627700485", "0.9999682707643245", "0.004685258826115361", "-0.9376851658146529",], [ "0.007112845334753555", "-0.004731062491923018", "0.9999635115737828", "-0.02867105978628319",], [ "0.0", "0.0", "0.0", "1.0",],]
frame_2668 = [ [ "0.9997875756524435", "-0.004302207069426993", "-0.020156750367498585", "3.8753577542169766",], [ "0.004399278558879381", "0.9999789275781307", "0.004773965631444405", "-0.9498700017906636",], [ "0.02013578702726296", "-0.004861626684616416", "0.9997854343141861", "-0.024311559934114005",], [ "0.0", "0.0", "0.0", "1.0",],]
frame_2669 = [ [ "0.9998616481895878", "-0.0032092026751972336", "-0.016321320345761503", "3.1367290413765825",], [ "0.003113591222684335", "0.9999778646730508", "-0.005880111701315395", "1.1210067854989585",], [ "0.016339829538202053", "0.005828480257446925", "0.9998495080703832", "-0.037923337439384606",], [ "0.0", "0.0", "0.0", "1.0",],]
frame_2670 = [ [ "0.9998285362215519", "-0.0027080520818330614", "-0.01831842272219809", "3.522392925129969",], [ "0.0026375419424587107", "0.9999890246460742", "-0.0038722034930767403", "0.7317543635749785",], [ "0.018328707799756334", "0.003823223942187693", "0.999824705350451", "-0.037297390677570756",], [ "0.0", "0.0", "0.0", "1.0",],]
frame_2671 = [ [ "0.9997280038290092", "-0.0014063248264719668", "-0.02327961792180519", "4.485542698267365",], [ "0.0013494367585433658", "0.9999960656342205", "-0.0024592146124095306", "0.4618781190967682",], [ "0.023282984785836475", "0.0024271313433045436", "0.9997259682797789", "-0.0312984308962356",], [ "0.0", "0.0", "0.0", "1.0",],]
frame_2672 = [ [ "0.999728003829009", "-0.0014063248264717554", "-0.023279617921802026", "4.485542698266751",], [ "0.0013494367585432513", "0.9999960656342205", "-0.002459214612405083", "0.4618781190959031",], [ "0.023282984785833287", "0.0024271313433004175", "0.9997259682797793", "-0.03129843089633713",], [ "0.0", "0.0", "0.0", "1.0",],]
frame_2673 = [ [ "0.9997634726815972", "0.001371923698761992", "-0.021705218659044772", "4.178373983171644",], [ "-0.0008883813892801405", "0.9997515607535544", "0.022271675943580913", "-4.341488897468118",], [ "0.021730381270915516", "-0.022247125571483027", "0.999516310989305", "0.02339189345184263",], [ "0.0", "0.0", "0.0", "1.0",],]
frame_2674 = [ [ "0.9997349219368313", "-0.0010805422408832188", "-0.022998223593634088", "4.430673068901436",], [ "0.00156363585953134", "0.9997782931185079", "0.02099808686381665", "-4.095431444265811",], [ "0.022970435409367253", "-0.02102848157873294", "0.999514963399568", "0.021665631065856457",], [ "0.0", "0.0", "0.0", "1.0",],]
frame_2675 = [ [ "0.9997552363008153", "0.001111742972222212", "-0.022095961547465424", "4.257570502973939",], [ "-0.0006142832062951079", "0.9997464819318587", "0.0225076547203993", "-4.387342418473379",], [ "0.022115382548936843", "-0.022488572485459938", "0.9995024632097333", "0.024050263023787863",], [ "0.0", "0.0", "0.0", "1.0",],]
frame_2676 = [ [ "0.9997534562513414", "0.002848868743349046", "-0.022020687101521573", "4.243091993241844",], [ "-0.002309003250950371", "0.9996970910735573", "0.0245029509049714", "-4.771472380885253",], [ "0.022083822529785285", "-0.024446064017492747", "0.9994572000523925", "0.03266464525030792",], [ "0.0", "0.0", "0.0", "1.0",],]
frame_2677 = [ [ "0.9998365089722416", "0.0043658025362508165", "-0.017546939746264714", "3.3710543690048493",], [ "-0.004071690828294843", "0.9998512115367909", "0.01676234238428818", "-3.263330764149617",], [ "0.017617510040960765", "-0.01668815617807092", "0.999705521032758", "-0.023063212565690345",], [ "0.0", "0.0", "0.0", "1.0",],]
frame_2678 = [ [ "0.9998253398640442", "0.00023429230478614168", "-0.01868782686423785", "3.590106823713822",], [ "-0.00019868252880111235", "0.99999816128724", "0.0019073403967296548", "-0.38565059701124405",], [ "0.01868823937786976", "-0.0019032943156952233", "0.999823548022224", "-0.05586749027410532",], [ "0.0", "0.0", "0.0", "1.0",],]
frame_2679 = [ [ "0.9998198875044841", "-0.0066054015077869205", "-0.017792167419553685", "3.422994346674706",], [ "0.0065458513935321245", "0.9999727848443327", "-0.003403145633012446", "0.6313381129342893",], [ "0.017814162346243254", "0.003286067800064259", "0.9998359152272739", "-0.03547485357314307",], [ "0.0", "0.0", "0.0", "1.0",],]
frame_2680 = [ [ "0.9998843987027008", "-0.006636364958377356", "-0.013680200697464832", "2.622069380675347",], [ "0.006504262368877978", "0.9999320086799702", "-0.009678460015535335", "1.8505382840140057",], [ "0.013743500355459373", "0.00958836155840788", "0.9998595799014233", "-0.046068257367390356",], [ "0.0", "0.0", "0.0", "1.0",],]
frame_2681 = [ [ "0.9998938476677348", "-0.006691895440899321", "-0.01294264005777132", "2.479272625449862",], [ "0.006566236217412175", "0.9999311308913387", "-0.009727179257171174", "1.8599677024181354",], [ "0.013006841976210791", "0.009641162262511842", "0.9998689264359", "-0.04594889746187633",], [ "0.0", "0.0", "0.0", "1.0",],]
frame_2682 = [ [ "0.9998926691380567", "-0.0069105188477666295", "-0.012918782189963781", "2.473466589671668",], [ "0.006774746471503137", "0.9999216702731499", "-0.010524073754801716", "2.0137998173301335",], [ "0.012990497075321504", "0.010435422722838313", "0.9998611648315866", "-0.04343294693195907",], [ "0.0", "0.0", "0.0", "1.0",],]
frame_2683 = [ [ "0.999918690810968", "-0.008748787148520249", "-0.009277418302199497", "1.7663598415612702",], [ "0.008625552848954218", "0.9998751288413575", "-0.013241093705734121", "2.5388014369735483",], [ "0.009392103330672027", "0.013159994221276597", "0.9998692929314148", "-0.03453269851912854",], [ "0.0", "0.0", "0.0", "1.0",],]
frame_2684 = [ [ "0.9999170131472603", "-0.00885888145621933", "-0.009353450595967521", "1.7808853961571773",], [ "0.008734223538524618", "0.999873599678505", "-0.013285255177195502", "2.54746888205044",], [ "0.009469960817535478", "0.013202457547319723", "0.9998679987662729", "-0.033914785890556194",], [ "0.0", "0.0", "0.0", "1.0",],]
frame_2685 = [ [ "0.9999137944889385", "-0.009006663259872313", "-0.009554245532890733", "1.820027751417826",], [ "0.008892307761802862", "0.9998891183624841", "-0.011944783085441352", "2.2851653259876654",], [ "0.009660768781463666", "0.011858794087601555", "0.999883012431647", "-0.037871493061968034",], [ "0.0", "0.0", "0.0", "1.0",],]
frame_2686 = [ [ "0.9999071787815635", "-0.00809988329417484", "-0.010955624663242968", "2.0923239369647506",], [ "0.007897352861491087", "0.9997994228547874", "-0.018405050312584416", "3.5457880648617195",], [ "0.01110250597487951", "0.018316821499605635", "0.9997705878906794", "-0.011757720682946999",], [ "0.0", "0.0", "0.0", "1.0",],]
frame_2687 = [ [ "0.9998310465515502", "-0.011141961487207131", "-0.014619680088703315", "2.8060080660778404",], [ "0.010813634472532837", "0.9996917699488266", "-0.0223479396381336", "4.308656699435447",], [ "0.014864173746728118", "0.022186072000080742", "0.9996433536757394", "0.01028756890763375",], [ "0.0", "0.0", "0.0", "1.0",],]
frame_2688 = [ [ "0.9998100034637455", "-0.0067295852872263735", "-0.018293978674291", "3.5183889397662256",], [ "0.006393651398297667", "0.9998109986412957", "-0.018359962355218556", "3.541267325270982",], [ "0.018414076020005297", "0.018239508703633278", "0.9996640646370284", "0.0022872347761542892",], [ "0.0", "0.0", "0.0", "1.0",],]
frame_2689 = [ [ "0.9998870242811313", "-0.00871992442398455", "-0.01224343057790099", "2.345395190165611",], [ "0.008437662039176261", "0.9997017044272521", "-0.02291959913593391", "4.420892201426224",], [ "0.012439635589057911", "0.02281370384832737", "0.9996623381838367", "-0.00020030174376992432",], [ "0.0", "0.0", "0.0", "1.0",],]
frame_2690 = [ [ "0.9998883451343732", "-0.008825045500359275", "-0.012058848884259194", "2.3100233301177093",], [ "0.008543447268685092", "0.9996941688863646", "-0.02320728772087158", "4.476953481501347",], [ "0.012259966283152592", "0.023101672374713753", "0.9996579444791455", "0.00028322589534597153",], [ "0.0", "0.0", "0.0", "1.0",],]
frame_2691 = [ [ "0.9998883451343734", "-0.008825045500359313", "-0.012058848884262192", "2.310023330118292",], [ "0.008543447268685101", "0.9996941688863642", "-0.02320728772087208", "4.476953481501446",], [ "0.012259966283155632", "0.023101672374713698", "0.9996579444791452", "0.0002832258953813109",], [ "0.0", "0.0", "0.0", "1.0",],]
frame_2692 = [ [ "0.9998682577543423", "-0.011135905143162598", "-0.011809265514494202", "2.262828053833792",], [ "0.010805578999496928", "0.9995585408274069", "-0.02767603514706415", "5.342776216893456",], [ "0.012112249908047977", "0.02754478309259691", "0.9995471866433276", "0.03400942301854804",], [ "0.0", "0.0", "0.0", "1.0",],]
frame_2693 = [ [ "0.9997899873405797", "-0.012426137519697691", "-0.01629638978182802", "3.1320333796741187",], [ "0.012049035756034408", "0.9996619845148331", "-0.023037739759042535", "4.439274778516012",], [ "0.016577151472118735", "0.022836545758870442", "0.9996017658182275", "0.021665506471741577",], [ "0.0", "0.0", "0.0", "1.0",],]
frame_2694 = [ [ "0.9998923274225923", "-0.013609870280002562", "-0.005486801659484951", "1.0275017459131324",], [ "0.013532789506719278", "0.9998125179371903", "-0.013848919966951954", "2.6471047680247852",], [ "0.005674254986860275", "0.013773177086118915", "0.9998890450561725", "-0.008456661715943002",], [ "0.0", "0.0", "0.0", "1.0",],]
frame_2695 = [ [ "0.9999046326131", "-0.012264213009824042", "-0.006349390377715552", "1.1979684953289567",], [ "0.012189773218572175", "0.9998580336125604", "-0.011632800578203734", "2.2205279955377013",], [ "0.00649115612189328", "0.01155429355962664", "0.9999121777399179", "-0.01118244736858766",], [ "0.0", "0.0", "0.0", "1.0",],]
frame_2696 = [ [ "0.9998850283204987", "-0.012814301682399854", "-0.00810702244771365", "1.5417800541080116",], [ "0.012716024508321065", "0.9998464171578001", "-0.012060050472645224", "2.3020351839846755",], [ "0.008260318473226027", "0.011955574812250213", "0.9998944101102262", "-0.01257089904594349",], [ "0.0", "0.0", "0.0", "1.0",],]
frame_2697 = [ [ "0.999893480541217", "-0.01295326045100457", "-0.0067261143999735925", "1.2681836953361072",], [ "0.012806246965716403", "0.9996877170372928", "-0.0214585284539172", "4.129135135668771",], [ "0.007001971857000405", "0.021370106420950913", "0.9997471134950682", "0.018756537507617035",], [ "0.0", "0.0", "0.0", "1.0",],]
frame_2698 = [ [ "0.9998997593739201", "-0.012917208281715383", "-0.005798011232064146", "1.081554113685568",], [ "0.012781040789625964", "0.9996551876165389", "-0.02293797871792474", "4.414009275486624",], [ "0.006092306654653123", "0.022861574782517775", "0.999720076920604", "0.023321416178153052",], [ "0.0", "0.0", "0.0", "1.0",],]
frame_2699 = [ [ "0.9999399008452807", "-0.009608303916175053", "-0.005279696340697681", "0.9868045166168499",], [ "0.00948877442738916", "0.9997081556979963", "-0.022216358629694125", "4.281893778467493",], [ "0.005491617017029481", "0.02216492559769407", "0.9997392451113634", "0.02015462765411657",], [ "0.0", "0.0", "0.0", "1.0",],]
frame_2700 = [ [ "0.9999093959465226", "-0.011135251838269319", "-0.0075634690733799165", "1.4261149702887839",], [ "0.011007306320414962", "0.9997990795926048", "-0.016752302926372673", "3.215976433187211",], [ "0.0077484905300487855", "0.016667531678884632", "0.9998310628712689", "-0.0029717710033583945",], [ "0.0", "0.0", "0.0", "1.0",],]
frame_2701 = [ [ "0.9998916438332689", "-0.011802114643341525", "-0.008798334070484618", "1.6638249519985242",], [ "0.011639384105546628", "0.999764370657154", "-0.01832287919885661", "3.519838055504426",], [ "0.00901250964571073", "0.01821848661216518", "0.9997934093679066", "0.001342122565081475",], [ "0.0", "0.0", "0.0", "1.0",],]
frame_2702 = [ [ "0.9999016368757291", "-0.011386220835716528", "-0.008189661066692966", "1.547784599938346",], [ "0.011225491985705284", "0.9997485675588158", "-0.019411079149901846", "3.7319802827916937",], [ "0.008408620754079053", "0.019317236840839032", "0.9997780450969638", "0.0065070968494961665",], [ "0.0", "0.0", "0.0", "1.0",],]
frame_2703 = [ [ "0.999878601288856", "-0.005283044415722577", "-0.014658517196898216", "2.8059026186273313",], [ "0.005356568765284788", "0.9999732475955796", "0.004981090663937318", "-0.9920823942951621",], [ "0.014631809723101895", "-0.0050590053213130344", "0.999880151122845", "-0.02971577935662695",], [ "0.0", "0.0", "0.0", "1.0",],]
frame_2704 = [ [ "0.9998387967313375", "-0.0064334871784228476", "-0.016762780008837835", "3.222424497108558",], [ "0.006414330204058859", "0.9999787123393601", "-0.0011963428177789602", "0.20861823310525815",], [ "0.016770119824645074", "0.0010886279572908336", "0.9998587790134639", "-0.0270279985165001",], [ "0.0", "0.0", "0.0", "1.0",],]
frame_2705 = [ [ "0.9998040007362128", "-0.00012486459949595535", "-0.019797588761366773", "3.8147647330148775",], [ "0.000292107864696412", "0.9999642977578487", "0.008444991571130387", "-1.6514276748879493",], [ "0.019795827462568815", "-0.008449119390379213", "0.9997683419656062", "-0.026740062728039478",], [ "0.0", "0.0", "0.0", "1.0",],]
frame_2706 = [ [ "0.9998394899595707", "-0.0007852952343663356", "-0.017899095755066062", "3.4442635545793108",], [ "0.0008192183702842241", "0.9999978821860581", "0.001887989578577819", "-0.3788777331402818",], [ "0.017897575218893225", "-0.0019023498053495293", "0.9998380158138417", "-0.03420202580394923",], [ "0.0", "0.0", "0.0", "1.0",],]
frame_2707 = [ [ "0.9998056388201747", "-0.00268630470468759", "-0.019531214772419064", "3.7634265195839243",], [ "0.0025861610612128477", "0.9999833902999384", "-0.005150815002990593", "0.9885033373230573",], [ "0.019544727023375737", "0.005099303017385531", "0.9997959795650201", "-0.022272514072291933",], [ "0.0", "0.0", "0.0", "1.0",],]
frame_2708 = [ [ "0.9998333703224832", "-0.004901075408835212", "-0.017584397899570343", "3.381709809229037",], [ "0.004760237457872043", "0.9999563306822744", "-0.008042192970513274", "1.5440039246411308",], [ "0.017623045395112735", "0.007957146992934486", "0.9998130385641074", "-0.02159788718962985",], [ "0.0", "0.0", "0.0", "1.0",],]
frame_2709 = [ [ "0.9998764906434718", "-0.005567275079507505", "-0.014697241467537208", "2.818453887095733",], [ "0.005351749911755186", "0.9998781679508342", "-0.01466315205389031", "2.830973834832908",], [ "0.014777084673509062", "0.014582685056687014", "0.9997844683056197", "-0.0067056121310695585",], [ "0.0", "0.0", "0.0", "1.0",],]
frame_2710 = [ [ "0.9998758990500995", "-0.0054605891541781365", "-0.014777295588717895", "2.8352304060341993",], [ "0.005232118858354061", "0.999866865146205", "-0.015455643465802194", "2.9856069800571334",], [ "0.014859725134710724", "0.015376408838839969", "0.9997713511699574", "-0.00459912139442905",], [ "0.0", "0.0", "0.0", "1.0",],]
frame_2711 = [ [ "0.9998604644483411", "-0.006109553590027381", "-0.015547507457792608", "2.985891539117765",], [ "0.005845387748208895", "0.9998387429602662", "-0.016979974019344927", "3.281460871913155",], [ "0.01564874037399349", "0.01688672349969297", "0.9997349426193993", "-0.0020307384785256248",], [ "0.0", "0.0", "0.0", "1.0",],]
frame_2712 = [ [ "0.9998366662227964", "-0.0012250568163800126", "-0.018031641976045794", "3.470880216965262",], [ "0.0010328688021985796", "0.9999426062844167", "-0.01066383229209661", "2.0642077034940676",], [ "0.018043670873553283", "0.010643466207638438", "0.9997805472045124", "-0.018119113442535997",], [ "0.0", "0.0", "0.0", "1.0",],]
frame_2713 = [ [ "0.9998276406672371", "-0.001161812734147105", "-0.01852941307833821", "3.568775730729013",], [ "0.0008979569112728813", "0.9998981771423683", "-0.014241805389189392", "2.7589816217009444",], [ "0.01854407267140706", "0.014222712066578451", "0.9997268786175006", "-0.009700753830772024",], [ "0.0", "0.0", "0.0", "1.0",],]
frame_2714 = [ [ "0.999809009945762", "-0.00026224554676116817", "-0.019541618628473204", "3.7656968254882814",], [ "2.5775754913400942e-05", "0.9999267907926096", "-0.012100098792701339", "2.344392368887148",], [ "0.019543361199086385", "0.012097284094203633", "0.9997358214801798", "-0.012612438748895349",], [ "0.0", "0.0", "0.0", "1.0",],]
frame_2715 = [ [ "0.9998253459538998", "-0.0012734939165673941", "-0.01864553033520411", "3.5899127279333665",], [ "0.001002214768595612", "0.9998936203903747", "-0.014551407773051115", "2.82002359684791",], [ "0.018662077960242576", "0.014530179484936177", "0.9997202612383146", "-0.007365783216788788",], [ "0.0", "0.0", "0.0", "1.0",],]
frame_2716 = [ [ "0.9998391915387417", "0.0007826597994287503", "-0.017915873042302646", "3.4473326555394923",], [ "-0.0010491963665954591", "0.9998888469405256", "-0.014872556973207869", "2.8899531433083334",], [ "0.01790224148574354", "0.014888962609107019", "0.9997288775174374", "-0.008868094521593229",], [ "0.0", "0.0", "0.0", "1.0",],]
frame_2717 = [ [ "0.999883667149276", "0.00016788229003573488", "-0.015252015726694577", "2.9300718542624047",], [ "-0.00038576441185879926", "0.9998979091189306", "-0.014283645382081588", "2.7735610117981593",], [ "0.01524806066387448", "0.014287867409773362", "0.9997816529077423", "-0.015234294153196666",], [ "0.0", "0.0", "0.0", "1.0",],]
frame_2718 = [ [ "0.9998705146685596", "-0.002304060805814101", "-0.015926242504397035", "3.05991432442352",], [ "0.0021091725055430834", "0.9999228282605676", "-0.012242912836473436", "2.372699340931315",], [ "0.01595322186417625", "0.012207736366041656", "0.999798212583437", "-0.01717726149376172",], [ "0.0", "0.0", "0.0", "1.0",],]
frame_2719 = [ [ "0.999880277361903", "-0.0019116387381061537", "-0.015355018075367955", "2.949313371450965",], [ "0.0017461806081775755", "0.9999403511469961", "-0.010781697514708302", "2.08861661241808",], [ "0.015374712876783866", "0.01075359406663892", "0.9998239737167093", "-0.020325455752546698",], [ "0.0", "0.0", "0.0", "1.0",],]
frame_2720 = [ [ "0.9998663167453918", "-0.0037209540737987686", "-0.015921781899743997", "3.058492012199176",], [ "0.0034538639401275944", "0.9998534101966835", "-0.016769881989423776", "3.246463315249842",], [ "0.015981847889572798", "0.016712648468655486", "0.9997325982077732", "-0.0052386845883749785",], [ "0.0", "0.0", "0.0", "1.0",],]
frame_2721 = [ [ "0.9998974265046174", "-0.005942993378743278", "-0.013031396672049722", "2.4968399292857235",], [ "0.005736337795075583", "0.9998581045570152", "-0.015838724075759227", "3.059698606415867",], [ "0.013123677008556517", "0.0157623469492181", "0.9997896366338745", "-0.0019587491717754056",], [ "0.0", "0.0", "0.0", "1.0",],]
frame_2722 = [ [ "0.9998556697094264", "-0.013087867311934738", "-0.010832704151010921", "2.0665246703731484",], [ "0.012647866530954045", "0.9991301849905118", "-0.039735436489803794", "7.686646536185682",], [ "0.011343333822707741", "0.03959269086643802", "0.9991515138395227", "0.12629105482453928",], [ "0.0", "0.0", "0.0", "1.0",],]
frame_2723 = [ [ "0.9998860910982804", "-0.013069613652261643", "-0.007549173945907454", "1.429913395930266",], [ "0.012777409759167364", "0.9992135120368301", "-0.03753791633623454", "7.258314335297127",], [ "0.00803384267529293", "0.03743718154456227", "0.9992666885321144", "0.10959894086622418",], [ "0.0", "0.0", "0.0", "1.0",],]
frame_2724 = [ [ "0.999916141896045", "-0.01069757900297729", "-0.007298697095157719", "1.3822781822810333",], [ "0.010431004167822876", "0.9993105079840345", "-0.0356328890877074", "6.893949687262874",], [ "0.0076748503479039994", "0.03555376824137119", "0.999338294190734", "0.09771042794859751",], [ "0.0", "0.0", "0.0", "1.0",],]
frame_2725 = [ [ "0.9999099284464223", "-0.01168813409117442", "-0.006597159678289735", "1.2449144927654054",], [ "0.011473627455134564", "0.9994326348766742", "-0.03166645254024575", "6.120275622000066",], [ "0.00696353842345777", "0.03158790694125914", "0.9994767197227584", "0.07217027093275585",], [ "0.0", "0.0", "0.0", "1.0",],]
frame_2726 = [ [ "0.9998859196853779", "-0.012420495566542065", "-0.0085952838750367", "1.632093161496137",], [ "0.012097029556001027", "0.999252610499229", "-0.03671351639913291", "7.0993517967861",], [ "0.009044859917780443", "0.036605350706551874", "0.999288866549001", "0.10222564255783867",], [ "0.0", "0.0", "0.0", "1.0",],]
frame_2727 = [ [ "0.9999104101180579", "-0.010528699036128603", "-0.008265484512654716", "1.568810780717038",], [ "0.010113058426429998", "0.9987567713893183", "-0.04881226949486793", "9.451669770555531",], [ "0.00876913832060978", "0.048724307081605585", "0.9987737702365842", "0.20325974056384621",], [ "0.0", "0.0", "0.0", "1.0",],]
frame_2728 = [ [ "0.9999126366797217", "-0.010321670460407738", "-0.008257246950337109", "1.5678759540865503",], [ "0.009881036408912877", "0.9986120715335046", "-0.05173292672023845", "10.019393417022915",], [ "0.008779756703798958", "0.05164681700223744", "0.9986268182688821", "0.23398773967858436",], [ "0.0", "0.0", "0.0", "1.0",],]
frame_2729 = [ [ "0.9998884994927508", "-0.012603940878150937", "-0.008008074460241182", "1.5207890148087637",], [ "0.012141028791977667", "0.9983883093365866", "-0.055438066343426906", "10.734665748648638",], [ "0.008693906031993636", "0.05533465870831694", "0.9984300133427552", "0.2718386983196407",], [ "0.0", "0.0", "0.0", "1.0",],]
frame_2730 = [ [ "0.9998995004239024", "-0.011593062605577365", "-0.00816026663398196", "1.5493644767372237",], [ "0.011149222685276398", "0.9985596598966712", "-0.05248142967329248", "10.160771889133162",], [ "0.008756933574528163", "0.05238517468198295", "0.9985885587107352", "0.23787627285542967",], [ "0.0", "0.0", "0.0", "1.0",],]
frame_2731 = [ [ "0.9998944505242244", "-0.0034562989809496254", "-0.014111761346447127", "2.702357600313074",], [ "0.003285956199932726", "0.9999216787721172", "-0.012076374182484632", "2.3313459448878957",], [ "0.014152395655751713", "0.012028728897834504", "0.9998274948101695", "-0.014014620865704552",], [ "0.0", "0.0", "0.0", "1.0",],]
frame_2732 = [ [ "0.9998522206600933", "-0.003479684481141227", "-0.016835338935669564", "3.231247420873035",], [ "0.0032857054577097615", "0.9999280586146497", "-0.01153610570227955", "2.2262679400469443",], [ "0.016874269786049226", "0.011479084939173373", "0.9997917231244822", "-0.014375354200506094",], [ "0.0", "0.0", "0.0", "1.0",],]
frame_2733 = [ [ "0.9998716925452362", "-0.0035272067414668156", "-0.01562553229219968", "2.9973824847426895",], [ "0.003304030848036365", "0.9998924962404571", "-0.014285634118696714", "2.7612824358075234",], [ "0.015674240873703504", "0.014232173924635255", "0.9997758565791064", "-0.012444373503140621",], [ "0.0", "0.0", "0.0", "1.0",],]
frame_2734 = [ [ "0.999918241711625", "-0.002929452686807256", "-0.012447015681538899", "2.3851596255174723",], [ "0.0028041517614264817", "0.9999453412656417", "-0.010072299341718037", "1.944746576272083",], [ "0.01247584166778458", "0.010036572526818631", "0.9998718020759808", "-0.023091996730323888",], [ "0.0", "0.0", "0.0", "1.0",],]
frame_2735 = [ [ "0.9998485472093723", "-0.0024634696635214485", "-0.0172282895440372", "3.3098751542472655",], [ "0.0023488949377727824", "0.9999750135274834", "-0.006667459281649823", "1.2822072713408221",], [ "0.017244284153527578", "0.0066259820342421715", "0.9998293509525463", "-0.020481187144743646",], [ "0.0", "0.0", "0.0", "1.0",],]
frame_2736 = [ [ "0.9998595663676273", "-0.001742547855940503", "-0.01666766540933618", "3.2015420879105614",], [ "0.0015879072407128775", "0.999955617636291", "-0.009286619848531468", "1.7924278195007464",], [ "0.01668310803845421", "0.009258848988187553", "0.9998179572410507", "-0.019300508139644304",], [ "0.0", "0.0", "0.0", "1.0",],]
frame_2737 = [ [ "0.9998500433281385", "-0.0025667841935599267", "-0.017126075899424595", "3.29068812969266",], [ "0.0023965747433767463", "0.9999476082199107", "-0.009951745815326164", "1.919890653136669",], [ "0.01715072261767975", "0.009909209563694024", "0.9998038108947134", "-0.016014080872987127",], [ "0.0", "0.0", "0.0", "1.0",],]
frame_2738 = [ [ "0.9998248771053749", "-0.0037757597750353146", "-0.018329177816582744", "3.5250030094498843",], [ "0.0035232202004542926", "0.9998986952136029", "-0.013790802353249034", "2.6644253805320828",], [ "0.018379391739930532", "0.013723809538483444", "0.9997368928928745", "-0.007471225619190492",], [ "0.0", "0.0", "0.0", "1.0",],]
frame_2739 = [ [ "0.9998181564703754", "-0.004180988709434611", "-0.018605733677508268", "3.578054721923439",], [ "0.003702835515437096", "0.9996638728882079", "-0.025659895777050867", "4.9715802420062545",], [ "0.01870676352051383", "0.025586335719582996", "0.9994975719946048", "0.035246935700349605",], [ "0.0", "0.0", "0.0", "1.0",],]
frame_2740 = [ [ "0.9997490452889404", "-0.006064998276560403", "-0.021565301756454536", "4.153968339485285",], [ "0.005482361673359383", "0.9996210868815678", "-0.026974550453904327", "5.2234413234603085",], [ "0.021720730982730266", "0.02684955227956702", "0.9994034777746384", "0.04468500202534103",], [ "0.0", "0.0", "0.0", "1.0",],]
frame_2741 = [ [ "0.9998431170570324", "-0.008432104260397658", "-0.015576934599238352", "2.991825844506036",], [ "0.008093614076551571", "0.9997324832000174", "-0.021666920544958668", "4.184863829922301",], [ "0.015755465240577814", "0.02153744767755945", "0.9996438884236067", "0.012003547439303465",], [ "0.0", "0.0", "0.0", "1.0",],]
frame_2742 = [ [ "0.9998671477765736", "-0.009443784669828877", "-0.013285395302515008", "2.54900342471856",], [ "0.009141490833846593", "0.9997020355479971", "-0.022633454586568288", "4.369792391109137",], [ "0.01349518219843397", "0.022508999362424086", "0.9996555531808031", "0.018324761273406882",], [ "0.0", "0.0", "0.0", "1.0",],]
frame_2743 = [ [ "0.9998430254439498", "-0.010079345272003735", "-0.0145715911990895", "2.7992407827468186",], [ "0.009764507489662622", "0.9997207692582626", "-0.02151831562057873", "4.153016748832277",], [ "0.014784412895682598", "0.0213726533811397", "0.9996622583767296", "0.01408351140680973",], [ "0.0", "0.0", "0.0", "1.0",],]
