frame_241 = [ [ "1.0", "0.0", "0.0", "0.0",], [ "0.0", "1.0", "0.0", "0.0",], [ "0.0", "0.0", "1.0", "0.0",], [ "0.0", "0.0", "0.0", "1.0",],]
frame_242 = [ [ "0.9999921308101322", "-0.00022299171128206221", "0.003960882794079805", "-0.7861967845102811",], [ "0.0002975398625824342", "0.9998226463574243", "-0.018830488598739245", "3.6522411917717172",], [ "-0.003955981274211594", "0.018831518938571466", "0.9998148449121098", "0.06386999430714835",], [ "0.0", "0.0", "0.0", "1.0",],]
frame_243 = [ [ "0.9999453687786755", "-0.004594910511096327", "0.009388623726421463", "-1.8593767643181167",], [ "0.00476060242641332", "0.9998319614757165", "-0.01770269686118876", "3.4286561821512658",], [ "-0.009305703768063073", "0.01774642524613132", "0.9997992139766705", "0.0674466928971651",], [ "0.0", "0.0", "0.0", "1.0",],]
frame_244 = [ [ "0.9999442412947592", "-0.004517221058737096", "0.009545104261215579", "-1.8897301114289697",], [ "0.004687406017926631", "0.9998290977286021", "-0.01788305231310349", "3.4635741166984606",], [ "-0.009462691280713168", "0.017926796956416507", "0.9997945226018259", "0.06827067344912009",], [ "0.0", "0.0", "0.0", "1.0",],]
frame_245 = [ [ "0.9999442412947589", "-0.004517221058737433", "0.009545104261216965", "-1.8897301114292397",], [ "0.004687406017926418", "0.999829097728602", "-0.017883052313102103", "3.46357411669819",], [ "-0.009462691280714612", "0.01792679695641522", "0.9997945226018253", "0.06827067344914675",], [ "0.0", "0.0", "0.0", "1.0",],]
frame_246 = [ [ "0.999936023841823", "-0.004490896601112262", "0.010381718120146795", "-2.051762639007534",], [ "0.004686478125927841", "0.9998105446673019", "-0.018892106681066615", "3.659731341610364",], [ "-0.010294908750604362", "0.018939551731541014", "0.999767627118436", "0.07399434795774149",], [ "0.0", "0.0", "0.0", "1.0",],]
frame_247 = [ [ "0.9999364968036085", "-0.004503549044903433", "0.010330556912827912", "-2.0418114736139756",], [ "0.004698149665636164", "0.9998105087791754", "-0.018891107020102462", "3.659537797560705",], [ "-0.010243522336009048", "0.01893844187692945", "0.999768175963522", "0.0738718068359753",], [ "0.0", "0.0", "0.0", "1.0",],]
frame_248 = [ [ "0.9999364968036079", "-0.004503549044903055", "0.010330556912827686", "-2.041811473613932",], [ "0.004698149665635861", "0.9998105087791751", "-0.018891107020101338", "3.659537797560485",], [ "-0.010243522336008858", "0.018938441876928544", "0.999768175963522", "0.07387180683594317",], [ "0.0", "0.0", "0.0", "1.0",],]
frame_249 = [ [ "0.9999364968036071", "-0.004503549044903135", "0.01033055691283337", "-2.0418114736150397",], [ "0.00469814966563563", "0.9998105087791754", "-0.018891107020096592", "3.659537797559562",], [ "-0.010243522336014473", "0.018938441876923843", "0.9997681759635222", "0.07387180683585202",], [ "0.0", "0.0", "0.0", "1.0",],]
frame_250 = [ [ "0.9999446738780944", "-0.004529915873370993", "0.009493631813496488", "-1.8797186588037988",], [ "0.004699166058705297", "0.9998290624638078", "-0.01788193756543494", "3.463358467462432",], [ "-0.009411005322640333", "0.017925560379569692", "0.9997950326261363", "0.06815537617476755",], [ "0.0", "0.0", "0.0", "1.0",],]
frame_251 = [ [ "0.9999446738780938", "-0.004529915873370828", "0.009493631813500962", "-1.87971865880467",], [ "0.004699166058705079", "0.9998290624638075", "-0.017881937565433825", "3.4633584674622138",], [ "-0.009411005322644819", "0.017925560379568533", "0.9997950326261364", "0.06815537617468663",], [ "0.0", "0.0", "0.0", "1.0",],]
frame_252 = [ [ "0.9999411980869412", "-0.004806490286832494", "0.009721009184884012", "-1.924361162869145",], [ "0.004989066340046519", "0.9998099624002488", "-0.01884537880394899", "3.650664716218448",], [ "-0.00962858169745845", "0.018892769419339272", "0.9997751515606721", "0.07308077189628259",], [ "0.0", "0.0", "0.0", "1.0",],]
frame_253 = [ [ "0.9999399299780524", "-0.004764366091051097", "0.009871030910433695", "-1.9535593166856007",], [ "0.00495020690356183", "0.9998093363268326", "-0.018888791525851885", "3.659090056473863",], [ "-0.009779155745575622", "0.01893652052108945", "0.9997728623559755", "0.07375830825277273",], [ "0.0", "0.0", "0.0", "1.0",],]
frame_254 = [ [ "0.9999499781851701", "-0.005613796158176671", "0.008278068625610573", "-1.6486272793980081",], [ "0.0057048315085423875", "0.9999230607339176", "-0.011014876756858942", "2.1264177879187214",], [ "-0.00821559644426535", "0.011061550759459597", "0.9999050685289406", "0.04199699611501791",], [ "0.0", "0.0", "0.0", "1.0",],]
frame_255 = [ [ "0.9999487842865223", "-0.005627174041817843", "0.00841211722498235", "-1.6746082698356242",], [ "0.005722002415971542", "0.9999198761184594", "-0.01129159118954907", "2.1803600810563344",], [ "-0.008347903464665482", "0.011339147037735661", "0.9999008632120518", "0.043060262041233796",], [ "0.0", "0.0", "0.0", "1.0",],]
frame_256 = [ [ "0.9999487842865219", "-0.0056271740418177285", "0.008412117224981568", "-1.674608269835473",], [ "0.005722002415971641", "0.9999198761184592", "-0.01129159118954961", "2.180360081056439",], [ "-0.00834790346466469", "0.011339147037736277", "0.9999008632120521", "0.0430602620412054",], [ "0.0", "0.0", "0.0", "1.0",],]
frame_257 = [ [ "0.999948784286522", "-0.005627174041817916", "0.008412117224983832", "-1.6746082698359133",], [ "0.005722002415971623", "0.9999198761184597", "-0.011291591189547846", "2.1803600810560972",], [ "-0.008347903464666873", "0.01133914703773448", "0.9999008632120523", "0.04306026204111983",], [ "0.0", "0.0", "0.0", "1.0",],]
frame_259 = [ [ "0.9999316652228226", "-0.005944869280298632", "0.010065953206264215", "-1.9951080557260523",], [ "0.006109473091799491", "0.9998468204731805", "-0.01640152213083038", "3.174145833555155",], [ "-0.00996690640324915", "0.016461899006728172", "0.9998148161824008", "0.062041588801142",], [ "0.0", "0.0", "0.0", "1.0",],]
frame_260 = [ [ "0.9999318023564264", "-0.005901593104500018", "0.010077789194856813", "-1.9973086961565671",], [ "0.0060678675783434", "0.9998446434318183", "-0.016549017606707864", "3.2026895465646366",], [ "-0.009978557975918394", "0.016609039693021365", "0.9998122664686632", "0.06222687859464013",], [ "0.0", "0.0", "0.0", "1.0",],]
frame_261 = [ [ "0.9999318023564269", "-0.0059015931044996365", "0.01007778919485781", "-1.9973086961567592",], [ "0.006067867578343389", "0.9998446434318186", "-0.016549017606706958", "3.20268954656446",], [ "-0.009978557975919353", "0.01660903969302033", "0.9998122664686638", "0.06222687859461028",], [ "0.0", "0.0", "0.0", "1.0",],]
frame_262 = [ [ "0.9998864274728507", "-0.003975646105965907", "0.014537069636631816", "-2.8681795874072957",], [ "0.004269044056875809", "0.9997866887371283", "-0.02020772839498117", "3.9131782872197025",], [ "-0.014453629939244879", "0.020267492742936787", "0.9996901126446663", "0.0882352907544397",], [ "0.0", "0.0", "0.0", "1.0",],]
frame_263 = [ [ "0.9998864274728512", "-0.003975646105965534", "0.014537069636633308", "-2.868179587407587",], [ "0.004269044056875764", "0.999786688737129", "-0.020207728394981972", "3.9131782872198584",], [ "-0.01445362993924635", "0.02026749274293751", "0.999690112644667", "0.08823529075436147",], [ "0.0", "0.0", "0.0", "1.0",],]
frame_264 = [ [ "0.9998918232028198", "-0.0031453627920324323", "0.014368318796963452", "-2.8325250786328366",], [ "0.003479187757127027", "0.9997232140271555", "-0.023267801524072606", "4.50955420898098",], [ "-0.014291156170700363", "0.023315274566675672", "0.9996260104795186", "0.1038093308564535",], [ "0.0", "0.0", "0.0", "1.0",],]
frame_265 = [ [ "0.9998918232028211", "-0.0031453627920322007", "0.01436831879696415", "-2.83252507863297",], [ "0.003479187757127144", "0.9997232140271566", "-0.023267801524074053", "4.509554208981264",], [ "-0.014291156170701034", "0.02331527456667689", "0.9996260104795202", "0.10380933085617661",], [ "0.0", "0.0", "0.0", "1.0",],]
frame_266 = [ [ "0.9998953820209134", "-0.0029915417895561235", "0.014151879415117903", "-2.7904598164506575",], [ "0.003308213671924433", "0.999743470736603", "-0.022406437508762974", "4.342112947590159",], [ "-0.014081219249752638", "0.02245091083351685", "0.9996487762545423", "0.09933295762403944",], [ "0.0", "0.0", "0.0", "1.0",],]
frame_267 = [ [ "0.9998953820209133", "-0.0029915417895556282", "0.014151879415124784", "-2.790459816451996",], [ "0.0033082136719238962", "0.9997434707366034", "-0.02240643750876229", "4.342112947590027",], [ "-0.014081219249759473", "0.02245091083351604", "0.9996487762545424", "0.09933295762405489",], [ "0.0", "0.0", "0.0", "1.0",],]
frame_268 = [ [ "0.9998953820209134", "-0.0029915417895559075", "0.014151879415118942", "-2.7904598164508583",], [ "0.0033082136719241634", "0.9997434707366031", "-0.022406437508761985", "4.3421129475899685",], [ "-0.014081219249753524", "0.02245091083351564", "0.9996487762545427", "0.09933295762395138",], [ "0.0", "0.0", "0.0", "1.0",],]
frame_269 = [ [ "0.9999182003249506", "-0.0038885902419325143", "0.01218488920145294", "-2.4055569000259083",], [ "0.004179634225545763", "0.99970437406614", "-0.02395193375848525", "4.646012424554032",], [ "-0.012088147776314227", "0.024000902878027405", "0.9996388514580652", "0.10217785439022699",], [ "0.0", "0.0", "0.0", "1.0",],]
frame_270 = [ [ "0.9999427400513696", "-0.0034055361623024183", "0.01014489733887425", "-2.010779374902688",], [ "0.003589625268379497", "0.9998282248385295", "-0.01818338270705556", "3.521277550895399",], [ "-0.010081230530133064", "0.018218757907328218", "0.9997831993244023", "0.07511279582643969",], [ "0.0", "0.0", "0.0", "1.0",],]
frame_271 = [ [ "0.9999427400513696", "-0.0034055361623023302", "0.010144897338875787", "-2.010779374902988",], [ "0.0035896252683794787", "0.9998282248385287", "-0.01818338270705485", "3.521277550895259",], [ "-0.010081230530134648", "0.01821875790732768", "0.9997831993244025", "0.07511279582632728",], [ "0.0", "0.0", "0.0", "1.0",],]
frame_272 = [ [ "0.9999447867253101", "-0.003441134428343102", "0.009928851632000116", "-1.9687134195420024",], [ "0.0036214908257979858", "0.9998277266073415", "-0.018204447571860873", "3.525398182459117",], [ "-0.00986449720375503", "0.018239399689792442", "0.9997849848811983", "0.07457130501897355",], [ "0.0", "0.0", "0.0", "1.0",],]
frame_273 = [ [ "0.9999456987370489", "-0.0035729166968317214", "0.009789476163927228", "-1.941596714867281",], [ "0.003733099540088426", "0.99985864622959", "-0.016393642906864337", "3.174138400441251",], [ "-0.009729519264096624", "0.016429297800315237", "0.9998176906960107", "0.06522806499591534",], [ "0.0", "0.0", "0.0", "1.0",],]
frame_274 = [ [ "0.999945698737049", "-0.003572916696831741", "0.009789476163927014", "-1.9415967148672393",], [ "0.0037330995400884255", "0.9998586462295903", "-0.016393642906864743", "3.1741384004413313",], [ "-0.009729519264096381", "0.01642929780031549", "0.9998176906960107", "0.06522806499585883",], [ "0.0", "0.0", "0.0", "1.0",],]
frame_275 = [ [ "0.9999456987370493", "-0.0035729166968317036", "0.009789476163926811", "-1.9415967148671993",], [ "0.0037330995400881016", "0.9998586462295904", "-0.01639364290686504", "3.1741384004413895",], [ "-0.009729519264096143", "0.016429297800315795", "0.9998176906960111", "0.06522806499580251",], [ "0.0", "0.0", "0.0", "1.0",],]
frame_276 = [ [ "0.9999379134106193", "-0.0038829038260747013", "0.010444729862832278", "-2.069694150308492",], [ "0.004081042985158355", "0.9998108445721317", "-0.019016313105263645", "3.6842182196369238",], [ "-0.010368915670570964", "0.019057757838778455", "0.9997646160241943", "0.07769087458096041",], [ "0.0", "0.0", "0.0", "1.0",],]
frame_277 = [ [ "0.9999381763512638", "-0.0036972050396168396", "0.010486856069254355", "-2.077762220754214",], [ "0.0039061730576868798", "0.9997928156489311", "-0.01997667612060718", "3.870432809285571",], [ "-0.010410825489156169", "0.020016404564236884", "0.9997454467318088", "0.08311867014396813",], [ "0.0", "0.0", "0.0", "1.0",],]
frame_278 = [ [ "0.9998682571404324", "0.0006808583002635442", "0.01621742257400091", "-3.191114216095351",], [ "-0.0003103467722205871", "0.9997391288614704", "-0.022838080221249113", "4.4244935556046725",], [ "-0.016228741412989717", "0.022830038442503017", "0.9996076316719942", "0.10990118855513431",], [ "0.0", "0.0", "0.0", "1.0",],]
frame_279 = [ [ "0.9998682571404323", "0.0006808583002633841", "0.016217422574000915", "-3.191114216095351",], [ "-0.0003103467722204834", "0.9997391288614703", "-0.022838080221249217", "4.424493555604692",], [ "-0.01622874141298971", "0.022830038442503062", "0.9996076316719942", "0.10990118855513446",], [ "0.0", "0.0", "0.0", "1.0",],]
frame_280 = [ [ "0.9998682571404325", "0.0006808583002635951", "0.01621742257400106", "-3.1911142160953787",], [ "-0.00031034677222035903", "0.99973912886147", "-0.022838080221249266", "4.4244935556047",], [ "-0.01622874141298989", "0.022830038442503205", "0.9996076316719944", "0.10990118855505042",], [ "0.0", "0.0", "0.0", "1.0",],]
frame_281 = [ [ "0.9998682571404329", "0.0006808583002638582", "0.016217422574001477", "-3.1911142160954595",], [ "-0.000310346772220043", "0.9997391288614697", "-0.022838080221248176", "4.424493555604489",], [ "-0.016228741412990275", "0.022830038442501963", "0.9996076316719948", "0.10990118855487559",], [ "0.0", "0.0", "0.0", "1.0",],]
frame_282 = [ [ "0.9998682571404331", "0.0006808583002642575", "0.016217422574001255", "-3.191114216095416",], [ "-0.0003103467722200723", "0.9997391288614695", "-0.02283808022124836", "4.424493555604523",], [ "-0.016228741412990067", "0.022830038442501963", "0.999607631671995", "0.10990118855487493",], [ "0.0", "0.0", "0.0", "1.0",],]
frame_283 = [ [ "0.9998682571404336", "0.000680858300264342", "0.016217422573999808", "-3.1911142160951336",], [ "-0.00031034677221974407", "0.9997391288614693", "-0.022838080221250008", "4.424493555604846",], [ "-0.016228741412988603", "0.02283003844250351", "0.9996076316719956", "0.10990118855487709",], [ "0.0", "0.0", "0.0", "1.0",],]
frame_284 = [ [ "0.9999252461662083", "-0.0012912030487986655", "0.012158736536022114", "-2.4017867928836987",], [ "0.0015499438060477449", "0.9997720361867775", "-0.021294913316188723", "4.125428871447661",], [ "-0.012128468727078574", "0.021312166798160014", "0.9996993006863298", "0.0922794614123853",], [ "0.0", "0.0", "0.0", "1.0",],]
frame_285 = [ [ "0.9999252461662087", "-0.0012912030487991534", "0.012158736536025646", "-2.4017867928843852",], [ "0.0015499438060482948", "0.9997720361867779", "-0.021294913316187013", "4.125428871447329",], [ "-0.012128468727082089", "0.021312166798158207", "0.9996993006863303", "0.09227946141238626",], [ "0.0", "0.0", "0.0", "1.0",],]
frame_286 = [ [ "0.999925246166209", "-0.0012912030487992195", "0.012158736536026058", "-2.4017867928844656",], [ "0.0015499438060485335", "0.9997720361867776", "-0.021294913316185726", "4.1254288714470775",], [ "-0.012128468727082516", "0.021312166798156902", "0.99969930068633", "0.09227946141243874",], [ "0.0", "0.0", "0.0", "1.0",],]
frame_287 = [ [ "0.9999252461662093", "-0.0012912030487992733", "0.012158736536027063", "-2.4017867928846615",], [ "0.001549943806048735", "0.9997720361867773", "-0.021294913316187814", "4.125428871447485",], [ "-0.012128468727083515", "0.021312166798158904", "0.9996993006863296", "0.09227946141239257",], [ "0.0", "0.0", "0.0", "1.0",],]
frame_288 = [ [ "0.9999252461662101", "-0.0012912030487991484", "0.012158736536025705", "-2.401786792884395",], [ "0.001549943806048829", "0.9997720361867773", "-0.02129491331618566", "4.125428871447065",], [ "-0.012128468727082217", "0.021312166798156812", "0.9996993006863303", "0.09227946141232396",], [ "0.0", "0.0", "0.0", "1.0",],]
frame_289 = [ [ "0.9999252461662113", "-0.0012912030487992167", "0.012158736536026027", "-2.401786792884458",], [ "0.0015499438060490316", "0.9997720361867778", "-0.02129491331618605", "4.125428871447143",], [ "-0.012128468727082528", "0.02131216679815712", "0.9996993006863307", "0.09227946141221227",], [ "0.0", "0.0", "0.0", "1.0",],]
frame_290 = [ [ "0.9999269490445611", "-0.0011876386290921752", "0.012028553069527407", "-2.3760064283090463",], [ "0.0014315064737490419", "0.9997931970739053", "-0.020285804740177053", "3.9294293967186267",], [ "-0.01200197332422321", "0.020301541794345887", "0.9997218613380087", "0.08705223194780902",], [ "0.0", "0.0", "0.0", "1.0",],]
frame_291 = [ [ "0.9999161050519954", "-0.0016620343354236753", "0.012846030497380284", "-2.536748886934432",], [ "0.0019250931400157396", "0.9997881499060796", "-0.020492665121507065", "3.9691751615630437",], [ "-0.012809249551555463", "0.020515675695617103", "0.9997074723021302", "0.08825942243715595",], [ "0.0", "0.0", "0.0", "1.0",],]
frame_292 = [ [ "0.9999161050519958", "-0.0016620343354235413", "0.012846030497381984", "-2.5367488869347623",], [ "0.0019250931400158413", "0.9997881499060796", "-0.020492665121506284", "3.9691751615628923",], [ "-0.01280924955155717", "0.020515675695616374", "0.9997074723021306", "0.08825942243710051",], [ "0.0", "0.0", "0.0", "1.0",],]
frame_293 = [ [ "0.9998973314302485", "-0.0023504224374800734", "0.014135137532337382", "-2.7859722814824393",], [ "0.0026583783249330803", "0.9997586566337955", "-0.021807372846620182", "4.225954183647523",], [ "-0.014080469572221279", "0.021842710458073955", "0.99966226115449", "0.09520154093883672",], [ "0.0", "0.0", "0.0", "1.0",],]
frame_294 = [ [ "0.9999042514279368", "-0.005017468938076154", "0.012896239057120479", "-2.5464487004341114",], [ "0.005292405027437362", "0.9997575391159633", "-0.02137412991962311", "4.142976141775838",], [ "-0.012785868190646824", "0.021440335497623163", "0.9996883682370212", "0.09070652232945549",], [ "0.0", "0.0", "0.0", "1.0",],]
frame_295 = [ [ "0.9999042514279368", "-0.005017468938076148", "0.012896239057119827", "-2.546448700433985",], [ "0.005292405027437285", "0.9997575391159638", "-0.021374129919624427", "4.142976141776096",], [ "-0.012785868190646185", "0.021440335497624377", "0.9996883682370217", "0.09070652232940206",], [ "0.0", "0.0", "0.0", "1.0",],]
frame_296 = [ [ "0.999904251427937", "-0.005017468938075636", "0.012896239057120697", "-2.5464487004341545",], [ "0.005292405027437096", "0.9997575391159637", "-0.021374129919624348", "4.14297614177608",], [ "-0.012785868190647046", "0.021440335497624106", "0.9996883682370218", "0.09070652232928941",], [ "0.0", "0.0", "0.0", "1.0",],]
frame_297 = [ [ "0.9999288916551826", "-0.004196511877641244", "0.011162478278940105", "-2.2106831961480005",], [ "0.004407071031554109", "0.99981155476736", "-0.0189058900504507", "3.6614131074599072",], [ "-0.011081035970968978", "0.018953739518563176", "0.999758954148505", "0.07867116189289308",], [ "0.0", "0.0", "0.0", "1.0",],]
frame_298 = [ [ "0.9999288916551835", "-0.0041965118776410276", "0.011162478278940735", "-2.210683196148123",], [ "0.0044070710315549065", "0.99981155476736", "-0.018905890050451384", "3.6614131074600422",], [ "-0.011081035970969603", "0.018953739518563856", "0.9997589541485059", "0.07867116189275482",], [ "0.0", "0.0", "0.0", "1.0",],]
frame_299 = [ [ "0.9999288916551842", "-0.00419651187764077", "0.01116247827893936", "-2.210683196147854",], [ "0.0044070710315552665", "0.9998115547673606", "-0.018905890050452016", "3.6614131074601666",], [ "-0.011081035970968198", "0.018953739518564376", "0.999758954148507", "0.07867116189255469",], [ "0.0", "0.0", "0.0", "1.0",],]
frame_300 = [ [ "0.9999288916551848", "-0.004196511877640445", "0.011162478278940378", "-2.2106831961480515",], [ "0.004407071031555641", "0.999811554767361", "-0.018905890050452064", "3.6614131074601772",], [ "-0.011081035970969131", "0.018953739518564286", "0.9997589541485075", "0.07867116189244272",], [ "0.0", "0.0", "0.0", "1.0",],]
frame_301 = [ [ "0.9999288916551848", "-0.004196511877640292", "0.011162478278940772", "-2.2106831961481275",], [ "0.0044070710315558285", "0.9998115547673607", "-0.018905890050450957", "3.6614131074599614",], [ "-0.01108103597096951", "0.018953739518563308", "0.9997589541485079", "0.07867116189232626",], [ "0.0", "0.0", "0.0", "1.0",],]
frame_302 = [ [ "0.9999288916551854", "-0.0041965118776393215", "0.011162478278947665", "-2.2106831961494677",], [ "0.004407071031555667", "0.9998115547673604", "-0.01890589005044861", "3.661413107459503",], [ "-0.011081035970976368", "0.018953739518560865", "0.9997589541485088", "0.07867116189216179",], [ "0.0", "0.0", "0.0", "1.0",],]
frame_303 = [ [ "0.9999259949729684", "-0.004328337107177362", "0.011369699874667086", "-2.2511220237926737",], [ "0.004551822365355422", "0.9997954870094533", "-0.019704442866724688", "3.8172176551659063",], [ "-0.01128208715210669", "0.019754737493071894", "0.9997411989390651", "0.08200021852890138",], [ "0.0", "0.0", "0.0", "1.0",],]
frame_304 = [ [ "0.9999259084068552", "-0.004324874477966571", "0.011378627224322058", "-2.252859098811352",], [ "0.004548545648355351", "0.9997954860762844", "-0.01970524686409991", "3.817372845687828",], [ "-0.011291077417376191", "0.01975554307630914", "0.9997410815248935", "0.08202575758341425",], [ "0.0", "0.0", "0.0", "1.0",],]
frame_305 = [ [ "0.9999259949729687", "-0.004328337107177244", "0.011369699874669225", "-2.251122023793089",], [ "0.004551822365355526", "0.9997954870094528", "-0.019704442866724594", "3.8172176551658863",], [ "-0.011282087152108775", "0.019754737493071887", "0.9997411989390654", "0.0820002185288562",], [ "0.0", "0.0", "0.0", "1.0",],]
frame_306 = [ [ "0.999930679278374", "-0.003630224591765305", "0.011200808334127612", "-2.2174363721202694",], [ "0.003852002304754787", "0.999795697208073", "-0.019842528126975872", "3.8438170911781864",], [ "-0.011126487144142503", "0.019884298168122563", "0.9997403742823636", "0.08235255893367659",], [ "0.0", "0.0", "0.0", "1.0",],]
frame_307 = [ [ "0.9999306792783733", "-0.0036302245917652675", "0.011200808334128459", "-2.2174363721204355",], [ "0.0038520023047544016", "0.9997956972080733", "-0.019842528126977257", "3.8438170911784564",], [ "-0.011126487144143321", "0.019884298168123895", "0.9997403742823632", "0.08235255893382565",], [ "0.0", "0.0", "0.0", "1.0",],]
frame_308 = [ [ "0.9999254591375843", "-0.004215086698246159", "0.011459023197918743", "-2.2683735236545592",], [ "0.004448304041248273", "0.9997819297450534", "-0.020403567002320728", "3.953185273889617",], [ "-0.011370521521938896", "0.020453019322037178", "0.9997261551249821", "0.08590906678599626",], [ "0.0", "0.0", "0.0", "1.0",],]
frame_309 = [ [ "0.999924400484973", "-0.004127314214721574", "0.011582685015688165", "-2.2923233120269417",], [ "0.004363650942031051", "0.9997812770005968", "-0.02045377005633783", "3.962775634639229",], [ "-0.011495732480180924", "0.020502766555618192", "0.9997237041794889", "0.08617677754275592",], [ "0.0", "0.0", "0.0", "1.0",],]
frame_310 = [ [ "0.9999234078191782", "-0.004169619832082924", "0.011653015308002217", "-2.306051534534452",], [ "0.0044079401206806226", "0.9997801135072418", "-0.020501090198920307", "3.971989276635112",], [ "-0.01156497121506209", "0.02055088576941295", "0.9997219176025575", "0.08656005636035079",], [ "0.0", "0.0", "0.0", "1.0",],]
frame_311 = [ [ "0.9999234078191789", "-0.004169619832082492", "0.011653015308001604", "-2.3060515345343324",], [ "0.004407940120680359", "0.9997801135072423", "-0.02050109019891859", "3.971989276634779",], [ "-0.011564971215061514", "0.020550885769411203", "0.9997219176025575", "0.08656005636034249",], [ "0.0", "0.0", "0.0", "1.0",],]
frame_312 = [ [ "0.9999234078191791", "-0.004169619832082484", "0.011653015308001755", "-2.306051534534361",], [ "0.004407940120680308", "0.9997801135072425", "-0.020501090198918822", "3.9719892766348237",], [ "-0.011564971215061668", "0.02055088576941152", "0.9997219176025574", "0.08656005636031568",], [ "0.0", "0.0", "0.0", "1.0",],]
frame_313 = [ [ "0.999923407819179", "-0.004169619832082394", "0.011653015308004628", "-2.30605153453492",], [ "0.004407940120680243", "0.9997801135072432", "-0.020501090198918683", "3.971989276634798",], [ "-0.011564971215064617", "0.020550885769411272", "0.9997219176025567", "0.08656005636046357",], [ "0.0", "0.0", "0.0", "1.0",],]
frame_314 = [ [ "0.9999244736451535", "-0.004257411477176192", "0.011529156647881521", "-2.2820634636070727",], [ "0.004492599238511671", "0.999780764235758", "-0.02045091724725119", "3.9624047818435124",], [ "-0.011439561074604383", "0.02050116854439201", "0.999724381282552", "0.08629033382522429",], [ "0.0", "0.0", "0.0", "1.0",],]
frame_315 = [ [ "0.9999259414171051", "-0.004336381863183768", "0.011371344401003123", "-2.2514469618671873",], [ "0.004566239073304776", "0.9997841903475148", "-0.02026628214297636", "3.926657924772115",], [ "-0.011281008016799588", "0.020316705527957016", "0.9997299487034789", "0.08529700342171283",], [ "0.0", "0.0", "0.0", "1.0",],]
frame_316 = [ [ "0.9999375085674553", "-0.0037957096173069768", "0.010515300682637844", "-2.083123435242331",], [ "0.004005956078634489", "0.9997910340674436", "-0.020045960048245517", "3.8842855812556647",], [ "-0.010437014699680263", "0.020086831180170486", "0.9997437611394949", "0.08419731257691197",], [ "0.0", "0.0", "0.0", "1.0",],]
frame_317 = [ [ "0.9999375085674551", "-0.0037957096173068766", "0.010515300682631429", "-2.083123435241082",], [ "0.004005956078634708", "0.999791034067443", "-0.0200459600482466", "3.884285581255875",], [ "-0.010437014699673931", "0.020086831180171735", "0.9997437611394948", "0.0841973125768469",], [ "0.0", "0.0", "0.0", "1.0",],]
frame_318 = [ [ "0.999935905678716", "-0.003659753610957631", "0.010714043962381745", "-2.121620688094027",], [ "0.0038753440127269664", "0.9997890318623931", "-0.02017110498825593", "3.9083522130548625",], [ "-0.010637962366162053", "0.02021133274109104", "0.9997391338672155", "0.08482248409627456",], [ "0.0", "0.0", "0.0", "1.0",],]
frame_319 = [ [ "0.9999359056787157", "-0.0036597536109581824", "0.010714043962379472", "-2.121620688093585",], [ "0.003875344012726985", "0.9997890318623933", "-0.020171104988254418", "3.9083522130545685",], [ "-0.010637962366159721", "0.02021133274108959", "0.9997391338672154", "0.0848224840964345",], [ "0.0", "0.0", "0.0", "1.0",],]
frame_320 = [ [ "0.9999410253870421", "-0.0037602328650413004", "0.01018854242502744", "-2.0203563683051255",], [ "0.003953262411128893", "0.9998118141000663", "-0.018992316926836457", "3.6792499654104116",], [ "-0.010115209550709513", "0.01903147484408649", "0.9997677157725443", "0.07801517055747206",], [ "0.0", "0.0", "0.0", "1.0",],]
frame_321 = [ [ "0.9999374878582863", "-0.003674729925279258", "0.010560148468204354", "-2.091870989921792",], [ "0.0038855641048515955", "0.9997921413501606", "-0.02001440696232208", "3.8776973412314693",], [ "-0.010484405909799417", "0.020054187952704538", "0.9997439206008321", "0.08323927947872882",], [ "0.0", "0.0", "0.0", "1.0",],]
frame_322 = [ [ "0.9999379496017654", "-0.0036401789930535218", "0.010528344748840766", "-2.0857516104184923",], [ "0.0038493716104000615", "0.9997942079343802", "-0.01991793460867797", "3.8588984732979634",], [ "-0.01045367325187878", "0.019957226204281107", "0.9997461827073013", "0.08279100584224874",], [ "0.0", "0.0", "0.0", "1.0",],]
frame_323 = [ [ "0.9999379496017656", "-0.003640178993053351", "0.010528344748843293", "-2.085751610418984",], [ "0.0038493716104002896", "0.9997942079343802", "-0.019917934608678942", "3.8588984732981526",], [ "-0.010453673251881263", "0.01995722620428211", "0.9997461827073015", "0.08279100584231461",], [ "0.0", "0.0", "0.0", "1.0",],]
frame_324 = [ [ "0.9999379496017659", "-0.0036401789930529858", "0.010528344748840379", "-2.0857516104184164",], [ "0.003849371610400231", "0.9997942079343807", "-0.019917934608679907", "3.858898473298339",], [ "-0.010453673251878402", "0.019957226204282988", "0.9997461827073014", "0.08279100584234049",], [ "0.0", "0.0", "0.0", "1.0",],]
frame_325 = [ [ "0.9999379496017665", "-0.003640178993052743", "0.010528344748840327", "-2.085751610418405",], [ "0.0038493716104004436", "0.9997942079343808", "-0.019917934608678526", "3.858898473298071",], [ "-0.010453673251878372", "0.019957226204281534", "0.9997461827073012", "0.08279100584227797",], [ "0.0", "0.0", "0.0", "1.0",],]
frame_326 = [ [ "0.9999412127611845", "-0.0030661313997741657", "0.010400474026102788", "-2.0601347393820517",], [ "0.003274566286817838", "0.9997929449949057", "-0.02008343481714636", "3.8908835925075134",], [ "-0.01033674210579116", "0.020116311209076896", "0.9997442101787951", "0.0833443021025507",], [ "0.0", "0.0", "0.0", "1.0",],]
frame_327 = [ [ "0.9999373933785186", "-0.002910198199692211", "0.010804631870131023", "-2.138298749003551",], [ "0.0031359615669899355", "0.9997758735196179", "-0.020937250849698757", "4.056632611197185",], [ "-0.010741278716287711", "0.02096982294944649", "0.999722407199645", "0.08862265233202618",], [ "0.0", "0.0", "0.0", "1.0",],]
frame_328 = [ [ "0.9999397066995057", "-0.003535772354424011", "0.010396214676551222", "-2.0595916924853697",], [ "0.003731950474627807", "0.9998141928353099", "-0.018911698779842372", "3.663457562245302",], [ "-0.010327415523656616", "0.018949356689397973", "0.99976710606506", "0.077883851089081",], [ "0.0", "0.0", "0.0", "1.0",],]
frame_329 = [ [ "0.9999397066995056", "-0.003535772354424225", "0.010396214676550792", "-2.0595916924852853",], [ "0.0037319504746283635", "0.9998141928353094", "-0.018911698779843087", "3.6634575622454415",], [ "-0.010327415523656179", "0.018949356689398626", "0.9997671060650601", "0.07788385108891198",], [ "0.0", "0.0", "0.0", "1.0",],]
frame_330 = [ [ "0.9999270980081582", "-0.0041768070452375735", "0.011329296179746215", "-2.2432179214683767",], [ "0.004397811046598546", "0.9997991485498884", "-0.019553051345552824", "3.7875909043471703",], [ "-0.011245351351562747", "0.019601449993049323", "0.9997446300086824", "0.08117812973787918",], [ "0.0", "0.0", "0.0", "1.0",],]
frame_331 = [ [ "0.9999270182038253", "-0.004173231965082437", "0.01133765412293297", "-2.2448439690981736",], [ "0.004394410037469619", "0.9997991465382187", "-0.019553918836809358", "3.7877585130907967",], [ "-0.011253773876720474", "0.019602314057766395", "0.999744518293129", "0.08120276292005356",], [ "0.0", "0.0", "0.0", "1.0",],]
frame_332 = [ [ "0.9999253047804286", "-0.0041761218103460096", "0.011486725661869595", "-2.2737934994034377",], [ "0.004408421359244984", "0.9997847647416856", "-0.02027288858391812", "3.9276379725574797",], [ "-0.011399591261329568", "0.02032201262280649", "0.9997284957037496", "0.08527091266425499",], [ "0.0", "0.0", "0.0", "1.0",],]
frame_333 = [ [ "0.9999247659269047", "-0.004163321607126397", "0.011538164466632483", "-2.28379847080586",], [ "0.004396687061253417", "0.9997847834319373", "-0.020274515058160185", "3.9279533130599047",], [ "-0.011451271935857574", "0.02032371942223022", "0.9997278703727067", "0.08540907567080933",], [ "0.0", "0.0", "0.0", "1.0",],]
frame_334 = [ [ "0.9999247659269046", "-0.004163321607126076", "0.011538164466637031", "-2.283798470806744",], [ "0.004396687061253251", "0.9997847834319364", "-0.02027451505815774", "3.927953313059426",], [ "-0.011451271935862114", "0.020323719422227923", "0.9997278703727072", "0.08540907567061162",], [ "0.0", "0.0", "0.0", "1.0",],]
frame_335 = [ [ "0.9999378963493234", "-0.0035213302870929315", "0.010573725811586023", "-2.094060236175987",], [ "0.0037287377136327386", "0.9997997676347995", "-0.019660141211739604", "3.809068559911152",], [ "-0.010502378758759355", "0.01969834689540181", "0.9997508065363325", "0.0820388729040085",], [ "0.0", "0.0", "0.0", "1.0",],]
frame_336 = [ [ "0.9999390690560569", "-0.0034762125424487875", "0.010477314622852358", "-2.0752509009217306",], [ "0.0036816109775058116", "0.9998001612307389", "-0.019649003628687517", "3.806896205871248",], [ "-0.010406916736331208", "0.019686379792875942", "0.9997520405254218", "0.08178285211598436",], [ "0.0", "0.0", "0.0", "1.0",],]
frame_337 = [ [ "0.9999390690560573", "-0.0034762125424491054", "0.01047731462285134", "-2.0752509009215325",], [ "0.003681610977506258", "0.9998001612307388", "-0.019649003628687645", "3.8068962058712748",], [ "-0.010406916736330176", "0.019686379792876157", "0.9997520405254227", "0.08178285211586937",], [ "0.0", "0.0", "0.0", "1.0",],]
frame_338 = [ [ "0.999868202688994", "-0.0003558830615768645", "0.016231161349920305", "-3.195656758862543",], [ "0.0006688076524628214", "0.9998139403796221", "-0.019277897159623334", "3.731533904080349",], [ "-0.016221280709138315", "0.01928621190953217", "0.9996824056080954", "0.09281997683316676",], [ "0.0", "0.0", "0.0", "1.0",],]
frame_339 = [ [ "0.9998652399849103", "-0.0007177333282731072", "0.016400814883038663", "-3.228920465875727",], [ "0.0010247271411461152", "0.9998242876028622", "-0.018717474554931748", "3.623062610537718",], [ "-0.01638449890123042", "0.01873175854792305", "0.9996902867476057", "0.08998918124259835",], [ "0.0", "0.0", "0.0", "1.0",],]
frame_340 = [ [ "0.9998668748420732", "-0.0004708675564368496", "0.01630983989284461", "-3.2112499079132353",], [ "0.000783456564183444", "0.9998160354939363", "-0.019164586220372024", "3.709298612046414",], [ "-0.01629781547932009", "0.019174812982927003", "0.999683303730598", "0.09216930881607485",], [ "0.0", "0.0", "0.0", "1.0",],]
frame_341 = [ [ "0.9998648205424739", "-0.0005649663107202066", "0.016432329557150734", "-3.235077057381199",], [ "0.0008787308206418862", "0.999817318394271", "-0.01909339338703726", "3.6955330229586774",], [ "-0.01641854054877923", "0.019105251946910633", "0.9996826600848621", "0.09218460994332822",], [ "0.0", "0.0", "0.0", "1.0",],]
frame_342 = [ [ "0.9998566302204843", "-0.0001524445426909783", "0.01693209274834773", "-3.332695778729533",], [ "0.0005269444045109775", "0.9997552836529898", "-0.02211549541661845", "4.283330444877478",], [ "-0.016924577801876874", "0.022121246994444115", "0.9996120292882087", "0.10638546905922235",], [ "0.0", "0.0", "0.0", "1.0",],]
frame_343 = [ [ "0.9998566302204842", "-0.00015244454269122562", "0.01693209274834509", "-3.332695778729018",], [ "0.0005269444045109917", "0.9997552836529899", "-0.02211549541661723", "4.283330444877243",], [ "-0.016924577801874258", "0.022121246994443098", "0.9996120292882087", "0.10638546905920927",], [ "0.0", "0.0", "0.0", "1.0",],]
frame_344 = [ [ "0.9999087663905881", "-0.0026481355816803413", "0.013245613358112723", "-2.615830215198703",], [ "0.002921970826148046", "0.9997815199473775", "-0.020697208947095747", "4.008996560997838",], [ "-0.013187910440354039", "0.02073402396182284", "0.9996980440456099", "0.09003850894009122",], [ "0.0", "0.0", "0.0", "1.0",],]
frame_345 = [ [ "0.9999248666351038", "-0.004237183818125151", "0.01150249356009252", "-2.276848819611377",], [ "0.004463886162837542", "0.9997948783637768", "-0.019755376936009227", "3.826949110400826",], [ "-0.01141642698631757", "0.019805238469903435", "0.9997386747165828", "0.08228384382119755",], [ "0.0", "0.0", "0.0", "1.0",],]
frame_346 = [ [ "0.9999295423630459", "-0.004238332236446193", "0.011088140038879094", "-2.197195241318521",], [ "0.004450626935427041", "0.9998059104316257", "-0.019192013595934462", "3.717526197765732",], [ "-0.011004645816657794", "0.01924001054672613", "0.999754329705386", "0.07898814133417416",], [ "0.0", "0.0", "0.0", "1.0",],]
frame_347 = [ [ "0.9999302619466585", "-0.004264270332866186", "0.011013048708487393", "-2.1826096833230446",], [ "0.004474059568349526", "0.9998076577370142", "-0.019095295792466344", "3.6987669490253188",], [ "-0.010929502930430143", "0.019143237159657767", "0.9997570116967411", "0.07849005675097766",], [ "0.0", "0.0", "0.0", "1.0",],]
frame_348 = [ [ "0.9999297555859409", "-0.004301422924965743", "0.011044530533437331", "-2.1886695895776236",], [ "0.004513098714940408", "0.9998052308154531", "-0.019212817962108553", "3.7216571479690166",], [ "-0.01095973694359496", "0.019261313425522834", "0.9997544128291239", "0.07901578318443987",], [ "0.0", "0.0", "0.0", "1.0",],]
frame_349 = [ [ "0.9998580179081226", "-0.0001839412565584288", "0.01684963472890189", "-3.316680068283982",], [ "0.0005547585144841109", "0.999757697808813", "-0.02200540649496563", "4.261983368375448",], [ "-0.016841504323363378", "0.022011629599647864", "0.999615852162494", "0.10566710048238301",], [ "0.0", "0.0", "0.0", "1.0",],]
frame_350 = [ [ "0.9998714554231947", "0.000349261731406842", "0.01602968016498851", "-3.15538418872595",], [ "-6.250595461727126e-07", "0.9997635647577535", "-0.021744299999662094", "4.21167357337639",], [ "-0.01603348463554023", "0.021741494868312793", "0.9996350507917333", "0.10348822708750394",], [ "0.0", "0.0", "0.0", "1.0",],]
frame_351 = [ [ "0.9998714554231964", "0.00034926173140707435", "0.016029680164989388", "-3.155384188726119",], [ "-6.250595454278498e-07", "0.9997635647577535", "-0.02174429999965955", "4.211673573375897",], [ "-0.016033484635541082", "0.021741494868310007", "0.9996350507917344", "0.1034882270873243",], [ "0.0", "0.0", "0.0", "1.0",],]
frame_352 = [ [ "0.999936987185529", "-0.003731867058241808", "0.010587484433872677", "-2.09709127290455",], [ "0.003936741570222094", "0.9998041247162229", "-0.019396243611398453", "3.757642789440548",], [ "-0.01051302640476636", "0.019436701589589975", "0.9997558156405939", "0.080541947519341",], [ "0.0", "0.0", "0.0", "1.0",],]
frame_353 = [ [ "0.9999362267938244", "-0.0037011326003126063", "0.01066976864118215", "-2.1130732754207537",], [ "0.003908761999860859", "0.9998021211419627", "-0.01950487476653971", "3.7787064646218913",], [ "-0.010595467191683005", "0.019545336464348327", "0.9997528274016265", "0.0810978378617169",], [ "0.0", "0.0", "0.0", "1.0",],]
frame_354 = [ [ "0.9999368380471744", "-0.00364086347108961", "0.010633157078537724", "-2.105925282574308",], [ "0.0038479994084289868", "0.999801961217964", "-0.01952514392428313", "3.7826071471283873",], [ "-0.010559962917777525", "0.019564827060207984", "0.9997528218141425", "0.08114879977931157",], [ "0.0", "0.0", "0.0", "1.0",],]
frame_355 = [ [ "0.9999369729483907", "-0.0036435412544420236", "0.01061954509341017", "-2.1032759254347333",], [ "0.0038504789598827528", "0.9998018248832506", "-0.01953163515683566", "3.7838716290951133",], [ "-0.010546276245359268", "0.019571294470400593", "0.9997528397009788", "0.0811463827312903",], [ "0.0", "0.0", "0.0", "1.0",],]
frame_356 = [ [ "0.9999373614395813", "-0.0035893504310514504", "0.010601403717733103", "-2.099699063330453",], [ "0.0037954659780941335", "0.9998029141900714", "-0.019486590647112067", "3.775099714723061",], [ "-0.010529370128954598", "0.01952560730225364", "0.9997539112322733", "0.08091776288040133",], [ "0.0", "0.0", "0.0", "1.0",],]
frame_357 = [ [ "0.9999373614395816", "-0.00358935043105123", "0.010601403717733751", "-2.099699063330579",], [ "0.0037954659780941855", "0.9998029141900715", "-0.01948659064711101", "3.7750997147228555",], [ "-0.010529370128955232", "0.01952560730225253", "0.9997539112322735", "0.08091776288019949",], [ "0.0", "0.0", "0.0", "1.0",],]
frame_358 = [ [ "0.9999373614395818", "-0.003589350431050955", "0.010601403717731701", "-2.0996990633301795",], [ "0.0037954659780944397", "0.9998029141900711", "-0.019486590647111626", "3.775099714722976",], [ "-0.01052937012895322", "0.01952560730225319", "0.9997539112322736", "0.08091776288019781",], [ "0.0", "0.0", "0.0", "1.0",],]
frame_359 = [ [ "0.9998720523500912", "0.00047432789488919825", "0.015989182040383465", "-3.1474826601201293",], [ "-0.00012366835056234866", "0.9997596126649996", "-0.02192490798305715", "4.246654936825447",], [ "-0.015995738038971623", "0.021920125386832696", "0.9996317544314398", "0.10421389279019287",], [ "0.0", "0.0", "0.0", "1.0",],]
