frame_59 = [ [ "1.0", "0.0", "0.0", "0.0",], [ "0.0", "1.0", "0.0", "0.0",], [ "0.0", "0.0", "1.0", "0.0",], [ "0.0", "0.0", "0.0", "1.0",],]
frame_60 = [ [ "0.9999788849424012", "0.000559919232933186", "-0.006474269055631674", "1.222112487700287",], [ "-0.0007292851452149695", "0.9996567916520578", "-0.026187154238129583", "5.095279303095278",], [ "0.0064573843411312665", "0.02619132288310777", "0.9996360921821021", "0.09770340039014454",], [ "0.0", "0.0", "0.0", "1.0",],]
frame_61 = [ [ "0.9999794749683897", "0.0004031648085541176", "-0.006394302157539063", "1.2064973456576622",], [ "-0.0005690404421848654", "0.9996628049567732", "-0.02596059665978878", "5.050887639158258",], [ "0.0063816796315644625", "0.0259637024342489", "0.9996425162631826", "0.09602726946867957",], [ "0.0", "0.0", "0.0", "1.0",],]
frame_62 = [ [ "0.9999755296703489", "0.0013663658968135926", "-0.006860984240024428", "1.2982954566615053",], [ "-0.0015044684101702393", "0.999795553466824", "-0.020164023476732615", "3.9257968610719436",], [ "0.006832030101561275", "0.02017385219048306", "0.9997731437943754", "0.055555990059787425",], [ "0.0", "0.0", "0.0", "1.0",],]
frame_63 = [ [ "0.9999755296703488", "0.0013663658968137917", "-0.006860984240026024", "1.2982954566618166",], [ "-0.001504468410169906", "0.999795553466824", "-0.02016402347673257", "3.925796861071934",], [ "0.006832030101562959", "0.02017385219048332", "0.9997731437943752", "0.05555599005990432",], [ "0.0", "0.0", "0.0", "1.0",],]
frame_64 = [ [ "0.9999666053547956", "0.0011439792519076424", "-0.00809193961166466", "1.5369087777599613",], [ "-0.0013285123925136646", "0.999738340221565", "-0.022836071156265632", "4.444805278554015",], [ "0.008063698284941164", "0.02284605879582599", "0.9997064741050083", "0.07346164210660185",], [ "0.0", "0.0", "0.0", "1.0",],]
frame_65 = [ [ "0.9999726024027373", "0.0014769697578238391", "-0.007253482214353379", "1.3758543601628288",], [ "-0.0016149320342295514", "0.9998172039316211", "-0.019051265492927422", "3.708952593819817",], [ "0.007224018163341742", "0.019062457414816845", "0.9997921965483056", "0.04835100605918377",], [ "0.0", "0.0", "0.0", "1.0",],]
frame_66 = [ [ "0.99995950416395", "0.001149212751330031", "-0.008925768439853153", "1.7001536026259196",], [ "-0.001344611630706682", "0.9997589007082667", "-0.02191648863672028", "4.266765674860957",], [ "0.00889842973519911", "0.021927602802248234", "0.9997199598805642", "0.07056910725984486",], [ "0.0", "0.0", "0.0", "1.0",],]
frame_67 = [ [ "0.99995950416395", "0.0011492127513302722", "-0.008925768439853418", "1.700153602625972",], [ "-0.001344611630706736", "0.9997589007082671", "-0.021916488636721312", "4.266765674861158",], [ "0.008898429735199468", "0.021927602802249535", "0.9997199598805646", "0.070569107259851",], [ "0.0", "0.0", "0.0", "1.0",],]
frame_68 = [ [ "0.9999595041639501", "0.0011492127513298852", "-0.008925768439853479", "1.7001536026259831",], [ "-0.0013446116307064375", "0.9997589007082672", "-0.021916488636720313", "4.266765674860965",], [ "0.008898429735199692", "0.021927602802248636", "0.9997199598805651", "0.07056910725973384",], [ "0.0", "0.0", "0.0", "1.0",],]
frame_69 = [ [ "0.9999595041639505", "0.0011492127513298641", "-0.008925768439855913", "1.700153602626457",], [ "-0.0013446116307064245", "0.9997589007082681", "-0.02191648863671849", "4.266765674860611",], [ "0.00889842973520224", "0.021927602802247103", "0.9997199598805655", "0.07056910725958948",], [ "0.0", "0.0", "0.0", "1.0",],]
frame_70 = [ [ "0.9999595041639506", "0.0011492127513298759", "-0.008925768439852835", "1.700153602625858",], [ "-0.0013446116307061515", "0.9997589007082687", "-0.021916488636722714", "4.2667656748614355",], [ "0.008898429735199333", "0.021927602802251457", "0.9997199598805661", "0.07056910725948944",], [ "0.0", "0.0", "0.0", "1.0",],]
frame_71 = [ [ "0.9999595041639513", "0.0011492127513295749", "-0.008925768439854802", "1.70015360262624",], [ "-0.0013446116307059106", "0.9997589007082693", "-0.021916488636719834", "4.266765674860875",], [ "0.008898429735201507", "0.021927602802249088", "0.9997199598805665", "0.07056910725939773",], [ "0.0", "0.0", "0.0", "1.0",],]
frame_72 = [ [ "0.9999613908327389", "0.001627637744516718", "-0.008635255597366179", "1.6435314348416332",], [ "-0.0018093961727088258", "0.9997761015412385", "-0.021082525287580697", "4.104536574280319",], [ "0.008599007463040492", "0.021097335907266642", "0.9997404460600126", "0.06494478001683714",], [ "0.0", "0.0", "0.0", "1.0",],]
frame_73 = [ [ "0.9999613908327387", "0.0016276377445162376", "-0.008635255597367298", "1.6435314348418504",], [ "-0.001809396172708774", "0.9997761015412384", "-0.021082525287578407", "4.104536574279875",], [ "0.008599007463041581", "0.021097335907264564", "0.9997404460600124", "0.06494478001685881",], [ "0.0", "0.0", "0.0", "1.0",],]
frame_74 = [ [ "0.99996139083274", "0.001627637744515753", "-0.008635255597363776", "1.6435314348411638",], [ "-0.0018093961727087473", "0.9997761015412389", "-0.02108252528758157", "4.104536574280489",], [ "0.008599007463038127", "0.02109733590726827", "0.9997404460600127", "0.06494478001686838",], [ "0.0", "0.0", "0.0", "1.0",],]
frame_75 = [ [ "0.9999632152941517", "0.0015505339402483637", "-0.00843587002573053", "1.6041633112300764",], [ "-0.0017191928626552166", "0.9997980477242787", "-0.020022690694091592", "3.8986450342566568",], [ "0.008403120521086346", "0.020036457052846623", "0.999763936114064", "0.05799651308538724",], [ "0.0", "0.0", "0.0", "1.0",],]
frame_76 = [ [ "0.9999613297142297", "0.0009628746965291913", "-0.008741392822411601", "1.664192677158547",], [ "-0.0011501335532733345", "0.999769423864692", "-0.02144239487747186", "4.174309184619779",], [ "0.008718730926378565", "0.021451619463126174", "0.9997318699298589", "0.06738302220088488",], [ "0.0", "0.0", "0.0", "1.0",],]
frame_77 = [ [ "0.9999613297142301", "0.0009628746965288675", "-0.00874139282241486", "1.6641926771591802",], [ "-0.0011501335532734973", "0.9997694238646918", "-0.02144239487747162", "4.174309184619733",], [ "0.008718730926381623", "0.021451619463125765", "0.9997318699298583", "0.06738302220100197",], [ "0.0", "0.0", "0.0", "1.0",],]
frame_78 = [ [ "0.9999626566433251", "0.0008707747187733892", "-0.008598085264815727", "1.6358407818172216",], [ "-0.0010478078810371436", "0.9997871073457735", "-0.020606845557348628", "4.0121104322708625",], [ "0.008578310875478936", "0.020615085170071795", "0.9997506843438335", "0.06168930790259166",], [ "0.0", "0.0", "0.0", "1.0",],]
frame_79 = [ [ "0.9999626566433248", "0.0008707747187737879", "-0.008598085264817852", "1.635840781817636",], [ "-0.0010478078810375608", "0.999787107345773", "-0.020606845557351074", "4.012110432271337",], [ "0.008578310875481105", "0.020615085170074172", "0.9997506843438332", "0.061689307902690005",], [ "0.0", "0.0", "0.0", "1.0",],]
frame_80 = [ [ "0.9999626566433247", "0.0008707747187736511", "-0.008598085264814434", "1.6358407818169713",], [ "-0.001047807881037658", "0.9997871073457725", "-0.020606845557349936", "4.012110432271113",], [ "0.008578310875477673", "0.02061508517007288", "0.999750684343833", "0.06168930790282133",], [ "0.0", "0.0", "0.0", "1.0",],]
frame_81 = [ [ "0.9999603055930133", "0.0009591843506669552", "-0.00885817157863095", "1.6869716194088884",], [ "-0.0011519427864709415", "0.9997620996157129", "-0.02178112026052588", "4.240011245584343",], [ "0.008835172106515937", "0.02179045977872915", "0.9997235195775318", "0.06958907002968527",], [ "0.0", "0.0", "0.0", "1.0",],]
frame_82 = [ [ "0.9999603055930137", "0.0009591843506664307", "-0.008858171578629236", "1.6869716194085538",], [ "-0.0011519427864711553", "0.9997620996157124", "-0.02178112026052431", "4.240011245584036",], [ "0.00883517210651432", "0.021790459778727643", "0.9997235195775327", "0.06958907002944875",], [ "0.0", "0.0", "0.0", "1.0",],]
frame_83 = [ [ "0.9999595415159012", "0.0011085340997810447", "-0.00892672859825096", "1.7003513058093478",], [ "-0.0013044831354184288", "0.9997576694159457", "-0.021975003248010685", "4.278062090882981",], [ "0.008900205338454358", "0.021985758939606814", "0.9997186668002114", "0.07089679314394438",], [ "0.0", "0.0", "0.0", "1.0",],]
frame_84 = [ [ "0.9999587343856028", "0.0009585499880168371", "-0.009033864503809677", "1.72067309517865",], [ "-0.001151250708997702", "0.9997714015161059", "-0.02134992581558797", "4.156224581880034",], [ "0.009011334404947297", "0.021359445040701662", "0.9997312488663165", "0.06660058214644635",], [ "0.0", "0.0", "0.0", "1.0",],]
frame_85 = [ [ "0.9999587343856027", "0.0009585499880168157", "-0.009033864503810541", "1.720673095178818",], [ "-0.0011512507089980082", "0.9997714015161058", "-0.02134992581559029", "4.156224581880487",], [ "0.00901133440494815", "0.021359445040703806", "0.9997312488663167", "0.0666005821463146",], [ "0.0", "0.0", "0.0", "1.0",],]
frame_86 = [ [ "0.9999601490921746", "0.001489387960130934", "-0.008802383260641049", "1.6754802841354652",], [ "-0.0016703411863275047", "0.9997866940519472", "-0.02058582903364677", "4.007422716117199",], [ "0.008769845374024051", "0.02059971165297411", "0.9997493394306094", "0.06164487315945422",], [ "0.0", "0.0", "0.0", "1.0",],]
frame_87 = [ [ "0.9999607443805066", "0.0014361277721431183", "-0.008743410948320247", "1.6640615401462884",], [ "-0.0016152761854818694", "0.9997881979188095", "-0.020517070578106186", "3.9942112889467665",], [ "0.008712093940826077", "0.020530388191279687", "0.9997512703567281", "0.0610716344212232",], [ "0.0", "0.0", "0.0", "1.0",],]
frame_88 = [ [ "0.9999607443805065", "0.0014361277721437172", "-0.00874341094832018", "1.6640615401462768",], [ "-0.0016152761854820754", "0.9997881979188096", "-0.020517070578106197", "3.9942112889467696",], [ "0.008712093940826176", "0.02053038819127975", "0.9997512703567282", "0.0610716344210815",], [ "0.0", "0.0", "0.0", "1.0",],]
frame_89 = [ [ "0.999961449425037", "0.0015870035679321265", "-0.008636034012274581", "1.643693881323898",], [ "-0.001769281140740493", "0.9997749578650785", "-0.021140086805109468", "4.115647738736788",], [ "0.008600541147558923", "0.02115455141472189", "0.9997392238211033", "0.06525714085507169",], [ "0.0", "0.0", "0.0", "1.0",],]
frame_90 = [ [ "0.9999613908327406", "0.0016276377445140358", "-0.00863525559736599", "1.6435314348415904",], [ "-0.0018093961727106678", "0.9997761015412355", "-0.02108252528757811", "4.10453657427981",], [ "0.0085990074630407", "0.02109733590726605", "0.999740446060015", "0.06494478001644506",], [ "0.0", "0.0", "0.0", "1.0",],]
frame_91 = [ [ "0.9999613908327413", "0.0016276377445140044", "-0.00863525559736727", "1.643531434841839",], [ "-0.0018093961727111113", "0.9997761015412355", "-0.021082525287581224", "4.104536574280416",], [ "0.008599007463042086", "0.02109733590726921", "0.9997404460600156", "0.06494478001628975",], [ "0.0", "0.0", "0.0", "1.0",],]
frame_92 = [ [ "0.9999618528892816", "0.0015110725371722301", "-0.008602873126586735", "1.636785948917731",], [ "-0.001693054693433958", "0.9997741218671662", "-0.021185816258635744", "4.124400824382891",], [ "0.008568916620543767", "0.021199573215686145", "0.9997385417014971", "0.06567178558103044",], [ "0.0", "0.0", "0.0", "1.0",],]
frame_93 = [ [ "0.999961852889282", "0.0015110725371721343", "-0.008602873126590149", "1.6367859489183942",], [ "-0.0016930546934343395", "0.9997741218671656", "-0.02118581625863748", "4.124400824383227",], [ "0.008568916620547222", "0.021199573215687956", "0.9997385417014969", "0.06567178558101514",], [ "0.0", "0.0", "0.0", "1.0",],]
frame_94 = [ [ "0.9999618528892822", "0.0015110725371720929", "-0.008602873126586167", "1.6367859489176197",], [ "-0.0016930546934346869", "0.9997741218671651", "-0.02118581625863815", "4.124400824383357",], [ "0.008568916620543028", "0.021199573215688227", "0.9997385417014965", "0.06567178558117995",], [ "0.0", "0.0", "0.0", "1.0",],]
frame_95 = [ [ "0.999961852889282", "0.0015110725371719539", "-0.008602873126588344", "1.6367859489180434",], [ "-0.0016930546934345887", "0.999774121867165", "-0.02118581625863582", "4.124400824382904",], [ "0.008568916620545078", "0.021199573215685868", "0.9997385417014959", "0.06567178558125884",], [ "0.0", "0.0", "0.0", "1.0",],]
frame_96 = [ [ "0.9999607443805086", "0.0014361277721424465", "-0.008743410948321265", "1.6640615401464842",], [ "-0.0016152761854834076", "0.9997881979188085", "-0.02051707057810688", "3.9942112889468993",], [ "0.00871209394082717", "0.020530388191280634", "0.9997512703567286", "0.06107163442111788",], [ "0.0", "0.0", "0.0", "1.0",],]
frame_97 = [ [ "0.9999607443805089", "0.00143612777214263", "-0.008743410948326076", "1.6640615401474208",], [ "-0.0016152761854832905", "0.9997881979188088", "-0.020517070578106953", "3.994211288946914",], [ "0.008712093940832144", "0.020530388191281054", "0.9997512703567287", "0.06107163442101412",], [ "0.0", "0.0", "0.0", "1.0",],]
frame_98 = [ [ "0.999960744380509", "0.0014361277721426015", "-0.008743410948323944", "1.664061540147006",], [ "-0.001615276185482905", "0.999788197918809", "-0.02051707057810535", "3.9942112889466044",], [ "0.008712093940830149", "0.020530388191279735", "0.9997512703567291", "0.06107163442092027",], [ "0.0", "0.0", "0.0", "1.0",],]
frame_99 = [ [ "0.9999607443805091", "0.0014361277721425393", "-0.008743410948316824", "1.6640615401456207",], [ "-0.0016152761854827515", "0.9997881979188086", "-0.020517070578106165", "3.9942112889467603",], [ "0.008712093940823151", "0.02053038819128052", "0.999751270356729", "0.06107163442099707",], [ "0.0", "0.0", "0.0", "1.0",],]
frame_100 = [ [ "0.9999607443805085", "0.0014361277721431044", "-0.008743410948317518", "1.664061540145757",], [ "-0.0016152761854828226", "0.9997881979188086", "-0.020517070578103935", "3.9942112889463273",], [ "0.008712093940824011", "0.020530388191278785", "0.9997512703567288", "0.061071634421019975",], [ "0.0", "0.0", "0.0", "1.0",],]
frame_101 = [ [ "0.9999601490921755", "0.0014893879601312243", "-0.008802383260643169", "1.6754802841358782",], [ "-0.0016703411863288036", "0.9997866940519459", "-0.02058582903364518", "4.0074227161168885",], [ "0.008769845374026848", "0.02059971165297365", "0.9997493394306105", "0.06164487315916231",], [ "0.0", "0.0", "0.0", "1.0",],]
frame_102 = [ [ "0.9999601490921746", "0.0014893879601319212", "-0.008802383260642421", "1.6754802841357337",], [ "-0.001670341186328738", "0.9997866940519456", "-0.020585829033647265", "4.007422716117295",], [ "0.008769845374026149", "0.020599711652975587", "0.99974933943061", "0.06164487315922578",], [ "0.0", "0.0", "0.0", "1.0",],]
frame_103 = [ [ "0.9999603055930141", "0.0009591843506660311", "-0.008858171578631918", "1.6869716194090745",], [ "-0.0011519427864720294", "0.999762099615711", "-0.021781120260527025", "4.24001124558456",], [ "0.008835172106517847", "0.0217904597787323", "0.9997235195775348", "0.06958907002901055",], [ "0.0", "0.0", "0.0", "1.0",],]
frame_104 = [ [ "0.9999626566433258", "0.00087077471877231", "-0.008598085264814023", "1.6358407818168874",], [ "-0.0010478078810389055", "0.99978710734577", "-0.020606845557346844", "4.012110432270507",], [ "0.008578310875478196", "0.020615085170072153", "0.9997506843438362", "0.061689307902107644",], [ "0.0", "0.0", "0.0", "1.0",],]
frame_105 = [ [ "0.9999626566433253", "0.000870774718772227", "-0.008598085264815366", "1.635840781817149",], [ "-0.0010478078810390653", "0.9997871073457697", "-0.020606845557347247", "4.012110432270585",], [ "0.008578310875479497", "0.020615085170072427", "0.9997506843438358", "0.061689307902281415",], [ "0.0", "0.0", "0.0", "1.0",],]
frame_106 = [ [ "0.9999618318000506", "0.000731502750701481", "-0.008706310746981536", "1.6571723740363444",], [ "-0.0009114253282102293", "0.9997857352024612", "-0.020679772473295215", "4.0268461594895335",], [ "0.008689317980626379", "0.020686918315741258", "0.9997482418907496", "0.0625341993668402",], [ "0.0", "0.0", "0.0", "1.0",],]
frame_107 = [ [ "0.9999626566433255", "0.0008707747187722019", "-0.008598085264814887", "1.6358407818170555",], [ "-0.0010478078810389469", "0.9997871073457704", "-0.020606845557348336", "4.0121104322707986",], [ "0.00857831087547914", "0.020615085170073967", "0.9997506843438366", "0.06168930790197712",], [ "0.0", "0.0", "0.0", "1.0",],]
frame_108 = [ [ "0.9999618318000502", "0.0007315027507013869", "-0.008706310746980195", "1.6571723740360829",], [ "-0.0009114253282098819", "0.9997857352024615", "-0.020679772473294538", "4.026846159489401",], [ "0.008689317980625165", "0.02068691831574093", "0.9997482418907496", "0.06253419936683964",], [ "0.0", "0.0", "0.0", "1.0",],]
frame_109 = [ [ "0.9999618318000495", "0.0007315027507015233", "-0.008706310746982231", "1.6571723740364794",], [ "-0.0009114253282098441", "0.9997857352024611", "-0.020679772473293976", "4.026846159489292",], [ "0.008689317980627328", "0.020686918315740394", "0.9997482418907496", "0.0625341993668979",], [ "0.0", "0.0", "0.0", "1.0",],]
frame_110 = [ [ "0.999962656643325", "0.0008707747187720046", "-0.008598085264815083", "1.6358407818170935",], [ "-0.0010478078810386613", "0.99978710734577", "-0.020606845557347944", "4.01211043227072",], [ "0.00857831087547949", "0.020615085170073842", "0.9997506843438363", "0.06168930790217892",], [ "0.0", "0.0", "0.0", "1.0",],]
frame_111 = [ [ "0.9999646834963446", "0.0016503815182885876", "-0.008240631098861664", "1.5662350741490145",], [ "-0.0018136837938379018", "0.99980134947911", "-0.019848731215105928", "3.8647462532497157",], [ "0.008206236114045341", "0.019862976126399697", "0.9997690332613115", "0.056532619746567814",], [ "0.0", "0.0", "0.0", "1.0",],]
frame_112 = [ [ "0.9999609389594127", "0.0009984327036925663", "-0.00878200931178601", "1.672570628720189",], [ "-0.0011812313060028826", "0.9997822378074404", "-0.020834626402960625", "4.054334021334526",], [ "0.00875929494981602", "0.02084418616510884", "0.9997443646528394", "0.06218723194772708",], [ "0.0", "0.0", "0.0", "1.0",],]
frame_113 = [ [ "0.9999653475032232", "0.0009136558345373237", "-0.008274601245906088", "1.5732572390158885",], [ "-0.001070144850766166", "0.9998202892945462", "-0.01892733222010421", "3.6852343877579514",], [ "0.008255821143966544", "0.018935531362707647", "0.999786620769283", "0.04949163671737971",], [ "0.0", "0.0", "0.0", "1.0",],]
frame_114 = [ [ "0.9999637589543366", "0.0005627411029359929", "-0.008494945577814241", "1.6145021831212758",], [ "-0.0007183095403923839", "0.9998318959798164", "-0.018321130227462804", "3.5683396027052163",], [ "0.008483207490283124", "0.01832656825100609", "0.9997960652487244", "0.04605440496293335",], [ "0.0", "0.0", "0.0", "1.0",],]
frame_115 = [ [ "0.9999657466570584", "0.0003104358610248359", "-0.008270981935277899", "1.5710423809939256",], [ "-0.0004787342602900617", "0.9997927242681318", "-0.02035385255959983", "3.9582096377975398",], [ "0.008262948995702743", "0.02035711497453359", "0.9997586266413625", "0.05788260243266696",], [ "0.0", "0.0", "0.0", "1.0",],]
frame_116 = [ [ "0.9999649969430873", "-0.0006880565297658753", "-0.008338553041761705", "1.5806611165244882",], [ "0.0005075013772762665", "0.9997657885755631", "-0.02163585996067615", "4.207719568301961",], [ "0.008351486752102441", "0.0216308708122928", "0.9997311429064053", "0.06688684575761064",], [ "0.0", "0.0", "0.0", "1.0",],]
frame_117 = [ [ "0.9999711440752438", "0.0014038241720622745", "-0.007465942308109198", "1.4136526706976753",], [ "-0.0015860807481138082", "0.9996994997559472", "-0.02446210407083492", "4.764225836001102",], [ "0.007429358297632759", "0.024473239781569258", "0.9996728790809005", "0.08490454947484032",], [ "0.0", "0.0", "0.0", "1.0",],]
frame_118 = [ [ "0.9999820510438288", "-0.0005269597989239409", "-0.0059682412446614075", "1.1180785048762438",], [ "0.00041895403431670337", "0.9998363912215923", "-0.018083563434895204", "3.518011054947272",], [ "0.005976794098957158", "0.01808073843506811", "0.9998186659739653", "0.04164462852467196",], [ "0.0", "0.0", "0.0", "1.0",],]
frame_119 = [ [ "0.9999657227721159", "0.0019749212649336173", "-0.008040706862214322", "1.5282853204621711",], [ "-0.002166639506492742", "0.9997118871830846", "-0.02390498479580358", "4.6556590732021625",], [ "0.007991179768702637", "0.023921586712347447", "0.999681898773348", "0.08101247975208757",], [ "0.0", "0.0", "0.0", "1.0",],]
frame_120 = [ [ "0.9999689317654662", "6.680308469838255e-05", "-0.007882324605612735", "1.4949857309338546",], [ "-0.0002475152716809563", "0.9997370995004645", "-0.022927507901911167", "4.464671068518601",], [ "0.007878720710287357", "0.02292874658044198", "0.9997060559685724", "0.0753019253805322",], [ "0.0", "0.0", "0.0", "1.0",],]
frame_121 = [ [ "0.999973696986242", "0.001302768790858571", "-0.007134993283491964", "1.3508342541497371",], [ "-0.001453662257533095", "0.9997745333339808", "-0.021184177181718063", "4.126548369940011",], [ "0.0071057864954555015", "0.0211939918444661", "0.9997501300365012", "0.061604000173707325",], [ "0.0", "0.0", "0.0", "1.0",],]
frame_122 = [ [ "0.999979224823665", "0.001847656149321865", "-0.00617544231827885", "1.1640490080959773",], [ "-0.001977890093895677", "0.999774360168387", "-0.021149862899613084", "4.12006234793599",], [ "0.006134971218273983", "0.02116163785367668", "0.9997572441405578", "0.06031309132768318",], [ "0.0", "0.0", "0.0", "1.0",],]
frame_123 = [ [ "0.9999571700915026", "0.0016108484894552329", "-0.009113898712966046", "1.7361772539235143",], [ "-0.0018201828857144612", "0.9997336418373419", "-0.023007223059539172", "4.481608505029618",], [ "0.009074410001141994", "0.023022826624748638", "0.9996937553757964", "0.07709901989419626",], [ "0.0", "0.0", "0.0", "1.0",],]
frame_124 = [ [ "0.9999855142061309", "0.0009148438014275688", "-0.0053041906762509", "0.9924812461305459",], [ "-0.0009957430006230742", "0.9998829198871957", "-0.015269414321922775", "2.972177439575309",], [ "0.005289600531968143", "0.015274474743082616", "0.9998693467386421", "0.024064145110033713",], [ "0.0", "0.0", "0.0", "1.0",],]
frame_125 = [ [ "0.9999629939681927", "0.0015085398355336017", "-0.008469651807775215", "1.611590705959457",], [ "-0.0016706799150728062", "0.9998148556655725", "-0.019169330167081968", "3.7327770992687697",], [ "0.008439166001554489", "0.019182770863411427", "0.9997803767724313", "0.05211923500888985",], [ "0.0", "0.0", "0.0", "1.0",],]
frame_126 = [ [ "0.9999602834854178", "0.0037377162691593396", "-0.008090792845219325", "1.5346395440115186",], [ "-0.003932218459363043", "0.9997003941314662", "-0.024159048643956623", "4.7084575164903235",], [ "0.007998069127041084", "0.024189903895733618", "0.9996753870330988", "0.08457112305294265",], [ "0.0", "0.0", "0.0", "1.0",],]
frame_127 = [ [ "0.9999696645994129", "0.003248009345193647", "-0.007079570343141651", "1.3392288715450698",], [ "-0.003381799210076947", "0.9998143587083873", "-0.01896869933975898", "3.696070063101208",], [ "0.007016645569840672", "0.0189920656020683", "0.9997950130547446", "0.049692107008431186",], [ "0.0", "0.0", "0.0", "1.0",],]
frame_128 = [ [ "0.9999697611285716", "0.0038944903696021198", "-0.006731253467297464", "1.269338182713724",], [ "-0.00404054948886608", "0.9997536847675126", "-0.02182300972853235", "4.253836489823698",], [ "0.0066446059558142355", "0.02184954778811179", "0.9997391892254542", "0.0672634092578046",], [ "0.0", "0.0", "0.0", "1.0",],]
frame_129 = [ [ "0.9999563481103698", "0.0034059603812002415", "-0.008700649841614349", "1.6525133755085504",], [ "-0.003608773606161887", "0.9997196275824978", "-0.023401772996356075", "4.561585182482817",], [ "0.00861850490771185", "0.023432150140257166", "0.9996882792715842", "0.08086871163068837",], [ "0.0", "0.0", "0.0", "1.0",],]
frame_130 = [ [ "0.9999634968152759", "0.0034260641233581184", "-0.007827331703871225", "1.4840303078369992",], [ "-0.0035923143642460726", "0.9997661356810406", "-0.021325318823141256", "4.15569209894542",], [ "0.007752439260536936", "0.021352658617210814", "0.999741948532476", "0.06530317840127155",], [ "0.0", "0.0", "0.0", "1.0",],]
frame_131 = [ [ "0.9999581070557544", "0.0024990132074410283", "-0.008805626977951805", "1.6759124563547312",], [ "-0.0026763621131182256", "0.9997926492690258", "-0.02018651910217679", "3.933188432800636",], [ "0.008753354746915645", "0.020209240475891992", "0.9997574532755864", "0.06007347560967348",], [ "0.0", "0.0", "0.0", "1.0",],]
frame_132 = [ [ "0.9999491164674983", "0.002240792718535807", "-0.009835818414103617", "1.8759486394003122",], [ "-0.0024758107464843476", "0.9997101560127317", "-0.02394732398721126", "4.666118459837575",], [ "0.009779306572060283", "0.023970457087711183", "0.9996648350072137", "0.08588847602411873",], [ "0.0", "0.0", "0.0", "1.0",],]
frame_133 = [ [ "0.9999589897305307", "0.0023332219176988643", "-0.00875071040512321", "1.6652872720719984",], [ "-0.002508816502828189", "0.9997946394259988", "-0.020109321589618617", "3.917981003355132",], [ "0.008701993844331542", "0.02013045082760573", "0.9997594912040775", "0.059566083793505184",], [ "0.0", "0.0", "0.0", "1.0",],]
frame_134 = [ [ "0.9999704089170787", "0.002995342536981488", "-0.007085845984322917", "1.342368705621733",], [ "-0.0031357944419791576", "0.9997971748959099", "-0.019894116300544183", "3.8754961446737966",], [ "0.007024819104086151", "0.0199157473685625", "0.9997769825932852", "0.05494006687259332",], [ "0.0", "0.0", "0.0", "1.0",],]
frame_135 = [ [ "0.9999456172217871", "0.0033620662281727536", "-0.009872138047732765", "1.886023277596112",], [ "-0.0035516979075958916", "0.9998083065951151", "-0.01925449312203331", "3.751223471867084",], [ "0.009805510742913935", "0.01928850886126078", "0.9997658752853126", "0.055903476249736975",], [ "0.0", "0.0", "0.0", "1.0",],]
frame_136 = [ [ "0.9999540398338296", "0.003290198560897498", "-0.009005154826524177", "1.7165185221861692",], [ "-0.003456761186766188", "0.9998220746055929", "-0.018543730300818365", "3.6129988207821007",], [ "0.008942540026053705", "0.018574006697586323", "0.9997874960475889", "0.049837061183135564",], [ "0.0", "0.0", "0.0", "1.0",],]
frame_137 = [ [ "0.9999663482263025", "0.0037868227117153824", "-0.0072775262775133945", "1.3808189208895816",], [ "-0.003918197956175816", "0.9998280780075312", "-0.01812352483777945", "3.5310814879916563",], [ "0.007207644535226756", "0.01815142973761832", "0.9998092695403267", "0.04387953773503529",], [ "0.0", "0.0", "0.0", "1.0",],]
frame_138 = [ [ "0.9999738403980607", "0.0032050076898768876", "-0.006484323039368503", "1.2241132734351685",], [ "-0.0033618829706777735", "0.9996983645751809", "-0.02432853486346745", "4.737810171553033",], [ "0.0064043939965161435", "0.024349697973890555", "0.9996829877246816", "0.08527376891008881",], [ "0.0", "0.0", "0.0", "1.0",],]
frame_139 = [ [ "0.9999650277824247", "0.00039664901012040885", "-0.008353794447695935", "1.5887498837444491",], [ "-0.0006098947214580359", "0.9996736212825914", "-0.025539752155826153", "4.969601779780547",], [ "0.00834093762957057", "0.02554395390920324", "0.9996389023933459", "0.09584285580360527",], [ "0.0", "0.0", "0.0", "1.0",],]
frame_140 = [ [ "0.9999604522754371", "0.001118864856262334", "-0.008822812848264477", "1.6800893356129276",], [ "-0.0013098189049945304", "0.9997643800992365", "-0.021667225462147645", "4.21836688024135",], [ "0.0087964913208779", "0.02167792485975554", "0.9997263072032501", "0.06888931838705907",], [ "0.0", "0.0", "0.0", "1.0",],]
frame_141 = [ [ "0.9999778105279886", "0.0007107175963399761", "-0.006623694751977397", "1.2502698167659994",], [ "-0.000881694104419385", "0.9996655528812258", "-0.025845792659176237", "5.029694286056791",], [ "0.006603110416721261", "0.02585105922730429", "0.9996439974659389", "0.09544806010306847",], [ "0.0", "0.0", "0.0", "1.0",],]
frame_142 = [ [ "0.9999735931247203", "0.001616547332813585", "-0.007085183693994828", "1.34244555795616",], [ "-0.0017666077164058213", "0.9997731713340463", "-0.021224631394729004", "4.132098365888783",], [ "0.007049265949962009", "0.021236587658730016", "0.9997496262535999", "0.06258804702654941",], [ "0.0", "0.0", "0.0", "1.0",],]
frame_143 = [ [ "0.9999798393819223", "0.0010663575999477694", "-0.006259689384950788", "1.1805230172278562",], [ "-0.0011807956024873253", "0.9998317228687232", "-0.018306601735653398", "3.562871072969809",], [ "0.00623911463849202", "0.018313624076955633", "0.9998128247935851", "0.04346446508782783",], [ "0.0", "0.0", "0.0", "1.0",],]
frame_144 = [ [ "0.9999833342960234", "4.002059336321072e-05", "-0.005773173181413573", "1.0830977636554993",], [ "-0.0001703608483213277", "0.9997450663754317", "-0.02257815836524881", "4.3927448251665675",], [ "0.005770797814158047", "0.022578765607035294", "0.99972841173805", "0.07130667928041343",], [ "0.0", "0.0", "0.0", "1.0",],]
frame_145 = [ [ "0.9999831919165111", "0.00015844592503585047", "-0.005795755289718229", "1.0878654672537338",], [ "-0.00029136121457582983", "0.9997368111451881", "-0.022939562983929775", "4.462790086053486",], [ "0.005790595231247451", "0.022940866072149704", "0.9997200536504011", "0.07386174090347489",], [ "0.0", "0.0", "0.0", "1.0",],]
frame_146 = [ [ "0.9999732468920167", "0.0020184304088859562", "-0.007030749529449223", "1.331693043254018",], [ "-0.0021828358296523435", "0.9997225076247593", "-0.023455126863977296", "4.565170051422735",], [ "0.006981456008759735", "0.023469846338426945", "0.9997001678427804", "0.07879118312827924",], [ "0.0", "0.0", "0.0", "1.0",],]
frame_147 = [ [ "0.9999845939176648", "-0.0003598247337154199", "-0.005539174442733321", "1.0373007501063765",], [ "0.00023484349997201446", "0.9997457499848497", "-0.022547288878309164", "4.386112231951204",], [ "0.0055458791797677", "0.022545640673816175", "0.9997304323220163", "0.07109840146903044",], [ "0.0", "0.0", "0.0", "1.0",],]
frame_148 = [ [ "0.9999476375309934", "-0.0007678484202014957", "-0.010204538451709702", "1.9459431053092167",], [ "0.0006384953137258679", "0.9999194872244515", "-0.012673255009103835", "2.4652907474357253",], [ "0.010213447994836916", "0.012666075856210103", "0.9998676192389153", "0.018090756695476242",], [ "0.0", "0.0", "0.0", "1.0",],]
frame_149 = [ [ "0.9999105111947951", "0.004576711596170755", "-0.01257073240319412", "2.4182294482723",], [ "-0.004787220525540061", "0.9998479596875494", "-0.016767230787656316", "3.2641081789433195",], [ "0.012492082365533782", "0.016825909176397216", "0.9997803942159474", "0.04157083675108558",], [ "0.0", "0.0", "0.0", "1.0",],]
frame_150 = [ [ "0.9999512880360191", "0.0032111609948584697", "-0.00933327381988583", "1.789736850892418",], [ "-0.0033272208933493906", "0.9999170066956135", "-0.012446257349621057", "2.422981671221827",], [ "0.009292532284521276", "0.012476704931647273", "0.9998789830163574", "0.01374839143220412",], [ "0.0", "0.0", "0.0", "1.0",],]
frame_151 = [ [ "0.9999515361670409", "0.002484506274471228", "-0.009526413059128122", "1.8238022012098534",], [ "-0.0026025691313829413", "0.999919718817095", "-0.012400909428770536", "2.413189001127131",], [ "0.009494838130137495", "0.012425101581737218", "0.9998777249742091", "0.01389013260418942",], [ "0.0", "0.0", "0.0", "1.0",],]
frame_152 = [ [ "0.99992915899484", "0.002604263117527961", "-0.011614422306457827", "2.2308570627282305",], [ "-0.002767545871503762", "0.9998972560777624", "-0.014064777922612143", "2.7365727289558834",], [ "0.011576600612759008", "0.0140959250061203", "0.9998336297687286", "0.026596391599065745",], [ "0.0", "0.0", "0.0", "1.0",],]
frame_153 = [ [ "0.9999165171784493", "0.004325633267083815", "-0.012175695897332826", "2.344070700529442",], [ "-0.00450735639306385", "0.9998782713132781", "-0.014937412557717428", "2.9093279276865607",], [ "0.012109599997180939", "0.014991045741123036", "0.9998142958247459", "0.030112670239728884",], [ "0.0", "0.0", "0.0", "1.0",],]
frame_154 = [ [ "0.999917268705173", "0.004275875570059783", "-0.01213147284224882", "2.3355246985070997",], [ "-0.00445653526022989", "0.9998789965881596", "-0.014904075796040884", "2.902990828473848",], [ "0.012066276919057302", "0.014956907099042356", "0.9998153308943514", "0.029788999142086027",], [ "0.0", "0.0", "0.0", "1.0",],]
frame_155 = [ [ "0.9998954008443319", "0.0037636717228662496", "-0.013965032958828788", "2.6899359559054172",], [ "-0.003979153825961684", "0.9998729624144178", "-0.015434551093252256", "3.00537103544708",], [ "0.013905168291258081", "0.015488505666578072", "0.9997833527755137", "0.03823351088874128",], [ "0.0", "0.0", "0.0", "1.0",],]
frame_156 = [ [ "0.9999065268625875", "0.0024618152794913953", "-0.013449052128513007", "2.5865904205813153",], [ "-0.0027260824994093684", "0.9998028764149658", "-0.01966664146649255", "3.827229779418519",], [ "0.013397985364687582", "0.0197014663894639", "0.9997161328148675", "0.06253789269669874",], [ "0.0", "0.0", "0.0", "1.0",],]
frame_157 = [ [ "0.9999261688332669", "0.0023423996912788885", "-0.011923508130616677", "2.2902457278916177",], [ "-0.002579164687970015", "0.9997990366095968", "-0.019880500598285118", "3.8683248732730284",], [ "0.011874543863537469", "0.019909785488868584", "0.999731261714798", "0.05914363819711743",], [ "0.0", "0.0", "0.0", "1.0",],]
frame_158 = [ [ "0.999893567286972", "0.0029712487252350544", "-0.014283759280259675", "2.7520497239990265",], [ "-0.003191855921657165", "0.9998755978423577", "-0.015446711467724722", "3.0076188606265655",], [ "0.014236086328032652", "0.015490659133968594", "0.9997786621676316", "0.0383448819575518",], [ "0.0", "0.0", "0.0", "1.0",],]
frame_159 = [ [ "0.9998935672869728", "0.0029712487252344607", "-0.014283759280264496", "2.752049723999963",], [ "-0.0031918559216572943", "0.999875597842358", "-0.015446711467721263", "3.007618860625893",], [ "0.01423608632803744", "0.015490659133965218", "0.9997786621676318", "0.03834488195758316",], [ "0.0", "0.0", "0.0", "1.0",],]
frame_160 = [ [ "0.9999205101668103", "0.001378375393432883", "-0.012532893881859509", "2.40714946698369",], [ "-0.0015947833759209235", "0.999849527798041", "-0.017273633897453646", "3.360125890215318",], [ "0.01250719847780497", "0.01729224807000236", "0.9997722481360274", "0.04619617332583185",], [ "0.0", "0.0", "0.0", "1.0",],]
frame_161 = [ [ "0.9998944653856877", "0.003648661152202209", "-0.014062196233126092", "2.7088576144126257",], [ "-0.0038560619967305566", "0.9998837768004446", "-0.01475003990375683", "2.8722567578266354",], [ "0.014006743982101336", "0.014802707964480922", "0.9997923239153134", "0.034290477198049174",], [ "0.0", "0.0", "0.0", "1.0",],]
frame_162 = [ [ "0.9998958734472216", "0.0036783698609612267", "-0.013953919106029788", "2.688447713820887",], [ "-0.003899251322835342", "0.9998670105597773", "-0.015835309702751755", "3.0830259008830865",], [ "0.013893815256193917", "0.015888070664084833", "0.9997772407432793", "0.040086573736137415",], [ "0.0", "0.0", "0.0", "1.0",],]
frame_163 = [ [ "0.9998982483900182", "0.002572019738146001", "-0.014031307176245908", "2.700287057481711",], [ "-0.002858519369301294", "0.9997870582610136", "-0.020436902916351748", "3.9772493477635855",], [ "0.013975755207612524", "0.020474932191928454", "0.999692680486437", "0.06933309589592292",], [ "0.0", "0.0", "0.0", "1.0",],]
frame_164 = [ [ "0.9998964437522304", "0.003323994244939273", "-0.014001886799188585", "2.6970272907496193",], [ "-0.003507557807740178", "0.9999079629725808", "-0.013105823982408997", "2.550919476589407",], [ "0.013957034423661195", "0.013153579219831273", "0.9998160753577876", "0.02645232431094411",], [ "0.0", "0.0", "0.0", "1.0",],]
frame_165 = [ [ "0.9998935931248902", "0.0032480223343292667", "-0.014221560348571933", "2.740334480499869",], [ "-0.0034762638029774305", "0.9998650868016371", "-0.016053777908447222", "3.1255213901031658",], [ "0.014167498643187", "0.016101507571579476", "0.9997699852646925", "0.04209535395846369",], [ "0.0", "0.0", "0.0", "1.0",],]
frame_166 = [ [ "0.9999088564796842", "0.0018652782771151994", "-0.013371591920071795", "2.5711577719943293",], [ "-0.0021369633238754538", "0.9997909861469914", "-0.020332668466899143", "3.956706276590956",], [ "0.013330870987321197", "0.02035938987744431", "0.9997038477082031", "0.06650075178414344",], [ "0.0", "0.0", "0.0", "1.0",],]
frame_167 = [ [ "0.9999062387032434", "0.002756955196938326", "-0.013413165189907535", "2.5803766868402467",], [ "-0.0029073832978110427", "0.999932957019188", "-0.011208415999979755", "2.1824916418652847",], [ "0.013381364830595164", "0.01124636229681721", "0.9998472175339629", "0.015367478920431393",], [ "0.0", "0.0", "0.0", "1.0",],]
frame_168 = [ [ "0.9998938618435778", "0.0032728526253893208", "-0.01419695330925187", "2.7351222350837117",], [ "-0.0035025514610730456", "0.9998628816508919", "-0.01618487040552127", "3.151334111228501",], [ "0.014142035950858048", "0.016232878132782815", "0.9997682213827067", "0.04258183544289593",], [ "0.0", "0.0", "0.0", "1.0",],]
frame_169 = [ [ "0.9999057977373736", "0.0025073049020312814", "-0.013494779485217597", "2.59541516101953",], [ "-0.002772763567033557", "0.9998023161545466", "-0.019688585378617937", "3.831347327972621",], [ "0.013442746498686327", "0.019724148502241415", "0.9997150846778723", "0.06283380997825737",], [ "0.0", "0.0", "0.0", "1.0",],]
frame_170 = [ [ "0.9998870758447012", "0.004032955523557053", "-0.014476561349946597", "2.7913141478696697",], [ "-0.004247050268269966", "0.9998816183298488", "-0.014788911052078989", "2.8796842291386975",], [ "0.014415204569925991", "0.014848723710567968", "0.9997858357075411", "0.03524659988090429",], [ "0.0", "0.0", "0.0", "1.0",],]
frame_171 = [ [ "0.9999005282411388", "0.003506787953692949", "-0.01366148093661702", "2.631490213931819",], [ "-0.003669878030699264", "0.9999220858507829", "-0.011931228900015389", "2.322182737996643",], [ "0.01361857622417849", "0.011980178048460003", "0.9998354913262513", "0.018897797622519377",], [ "0.0", "0.0", "0.0", "1.0",],]
frame_172 = [ [ "0.9998774357244986", "0.0045226026420948865", "-0.01498864885132424", "2.892356279693995",], [ "-0.0047429373867766385", "0.999880739721745", "-0.014697308544288211", "2.8627008290902447",], [ "0.01492039121444255", "0.014766597402341873", "0.9997796404844519", "0.03689128975267106",], [ "0.0", "0.0", "0.0", "1.0",],]
frame_173 = [ [ "0.9999023401375103", "0.003954439992494485", "-0.013404200532747343", "2.5820489198536243",], [ "-0.004107176097796459", "0.9999267385653522", "-0.011386334202203249", "2.2169673577479903",], [ "0.013358191946454061", "0.011440275626422216", "0.9998453274389835", "0.016026172507231887",], [ "0.0", "0.0", "0.0", "1.0",],]
frame_174 = [ [ "0.9999273271585514", "0.003717085201477881", "-0.011468377357269707", "2.203477537910446",], [ "-0.003858780983388143", "0.9999161905858068", "-0.012358058654019875", "2.4051989454931384",], [ "0.01142148024234509", "0.01240141451525321", "0.9998578672527169", "0.015614222645880523",], [ "0.0", "0.0", "0.0", "1.0",],]
frame_175 = [ [ "0.9999265306244112", "0.0017280514274259978", "-0.011997799454162086", "2.3017747348659436",], [ "-0.0019198442441043153", "0.9998702671304354", "-0.01599259536768391", "3.1107696652918535",], [ "0.01196860691796223", "0.016014454307925505", "0.9998001248758273", "0.038016505731656706",], [ "0.0", "0.0", "0.0", "1.0",],]
frame_176 = [ [ "0.999907612427404", "0.003219481727358859", "-0.013206117793885223", "2.541144375073757",], [ "-0.0033881409648818237", "0.9999127344571409", "-0.012768867265748317", "2.485291412926291",], [ "0.013163856220010999", "0.012812431769795298", "0.9998312630047237", "0.022484880994985704",], [ "0.0", "0.0", "0.0", "1.0",],]
frame_177 = [ [ "0.9999273271585536", "0.0037170852014775436", "-0.011468377357266532", "2.203477537909826",], [ "-0.003858780983389549", "0.9999161905858062", "-0.012358058654023854", "2.405198945493911",], [ "0.011421480242341693", "0.012401414515257241", "0.9998578672527184", "0.015614222645514046",], [ "0.0", "0.0", "0.0", "1.0",],]
