frame_1921 = [ [ "1.0", "0.0", "0.0", "0.0",], [ "0.0", "1.0", "0.0", "0.0",], [ "0.0", "0.0", "1.0", "0.0",], [ "0.0", "0.0", "0.0", "1.0",],]
frame_1922 = [ [ "0.9997912543833212", "-0.008013976648557436", "0.018794250102150818", "-3.6852334145984242",], [ "0.0075903262993392935", "0.9997179048037198", "0.022505505138344917", "-4.383058563358464",], [ "-0.018969306927121846", "-0.02235815272196924", "0.9995700467708932", "0.008513275543568467",], [ "0.0", "0.0", "0.0", "1.0",],]
frame_1923 = [ [ "0.9997912543833216", "-0.00801397664855808", "0.018794250102154318", "-3.6852334145991055",], [ "0.007590326299338783", "0.99971790480372", "0.02250550513834489", "-4.38305856335846",], [ "-0.018969306927125312", "-0.02235815272196907", "0.9995700467708935", "0.008513275543410066",], [ "0.0", "0.0", "0.0", "1.0",],]
frame_1924 = [ [ "0.9997912543833218", "-0.008013976648558328", "0.018794250102154537", "-3.6852334145991485",], [ "0.007590326299338437", "0.9997179048037202", "0.022505505138348782", "-4.383058563359217",], [ "-0.018969306927125573", "-0.022358152721973033", "0.9995700467708932", "0.008513275543513584",], [ "0.0", "0.0", "0.0", "1.0",],]
frame_1925 = [ [ "0.9997912543833222", "-0.00801397664855862", "0.018794250102154544", "-3.6852334145991494",], [ "0.007590326299338173", "0.9997179048037209", "0.022505505138342128", "-4.383058563357921",], [ "-0.018969306927125475", "-0.022358152721966118", "0.9995700467708936", "0.008513275543426223",], [ "0.0", "0.0", "0.0", "1.0",],]
frame_1926 = [ [ "0.9997919232591723", "-0.007551604910427328", "0.01894949732857551", "-3.716728293103607",], [ "0.007208996993406642", "0.9998104873194106", "0.018083689017371864", "-3.5207886421049257",], [ "-0.019082467033322763", "-0.017943319353030163", "0.9996568895088551", "-0.004072333159003099",], [ "0.0", "0.0", "0.0", "1.0",],]
frame_1927 = [ [ "0.9997919232591725", "-0.007551604910427992", "0.01894949732858001", "-3.7167282931044836",], [ "0.007208996993405899", "0.9998104873194108", "0.018083689017371236", "-3.5207886421048045",], [ "-0.01908246703332736", "-0.01794331935302963", "0.9996568895088555", "-0.004072333159044644",], [ "0.0", "0.0", "0.0", "1.0",],]
frame_1928 = [ [ "0.9997952778227082", "-0.0076101026065992505", "0.01874803407658215", "-3.677703758660253",], [ "0.007256649646019127", "0.9997960028619622", "0.018849235983570304", "-3.669726217798945",], [ "-0.018887654151177397", "-0.01870932921209347", "0.9996465462957913", "-0.003685906883056078",], [ "0.0", "0.0", "0.0", "1.0",],]
frame_1929 = [ [ "0.999795277822709", "-0.0076101026065993425", "0.018748034076583733", "-3.677703758660558",], [ "0.007256649646018706", "0.9997960028619626", "0.01884923598357155", "-3.6697262177991865",], [ "-0.018887654151178865", "-0.018709329212094537", "0.9996465462957922", "-0.0036859068833026832",], [ "0.0", "0.0", "0.0", "1.0",],]
frame_1930 = [ [ "0.9997952778227097", "-0.00761010260659924", "0.01874803407659086", "-3.677703758661945",], [ "0.007256649646018259", "0.9997960028619629", "0.01884923598356844", "-3.6697262177985817",], [ "-0.01888765415118594", "-0.018709329212091223", "0.9996465462957927", "-0.003685906883430729",], [ "0.0", "0.0", "0.0", "1.0",],]
frame_1931 = [ [ "0.9998005157326942", "-0.007551171177795935", "0.01849076944020681", "-3.627640499516618",], [ "0.0072057548563442255", "0.9997996149091676", "0.018676378782770633", "-3.6362128671637097",], [ "-0.018628092698862578", "-0.0185394131873409", "0.9996545825039163", "-0.004521440537920866",], [ "0.0", "0.0", "0.0", "1.0",],]
frame_1932 = [ [ "0.9997974529541395", "-0.0074906370118495305", "0.018680027397772445", "-3.6642843244628427",], [ "0.007156362072003211", "0.9998142090630427", "0.017897872430643325", "-3.48475071188643",], [ "-0.018810623283641352", "-0.017760566229880665", "0.9996653053591902", "-0.004939568241828894",], [ "0.0", "0.0", "0.0", "1.0",],]
frame_1933 = [ [ "0.9997974529541395", "-0.007490637011849706", "0.01868002739777677", "-3.664284324463686",], [ "0.007156362072003175", "0.9998142090630434", "0.01789787243064424", "-3.4847507118866066",], [ "-0.018810623283645467", "-0.017760566229881387", "0.9996653053591905", "-0.004939568241868112",], [ "0.0", "0.0", "0.0", "1.0",],]
frame_1934 = [ [ "0.9997974529541398", "-0.007490637011849825", "0.018680027397779398", "-3.664284324464196",], [ "0.007156362072003184", "0.999814209063044", "0.017897872430639852", "-3.4847507118857513",], [ "-0.01881062328364801", "-0.017760566229876696", "0.9996653053591916", "-0.004939568242102477",], [ "0.0", "0.0", "0.0", "1.0",],]
frame_1935 = [ [ "0.9997974529541402", "-0.0074906370118501915", "0.018680027397771914", "-3.6642843244627405",], [ "0.0071563620720027565", "0.9998142090630445", "0.017897872430646628", "-3.4847507118870684",], [ "-0.01881062328364026", "-0.017760566229883267", "0.9996653053591925", "-0.004939568242307424",], [ "0.0", "0.0", "0.0", "1.0",],]
frame_1936 = [ [ "0.9997974529541405", "-0.0074906370118505245", "0.018680027397773864", "-3.66428432446312",], [ "0.007156362072002579", "0.999814209063045", "0.017897872430644196", "-3.484750711886596",], [ "-0.01881062328364192", "-0.017760566229880554", "0.9996653053591934", "-0.004939568242424479",], [ "0.0", "0.0", "0.0", "1.0",],]
frame_1937 = [ [ "0.9997804167841321", "-0.007044003258186794", "0.019735760260419812", "-3.8697000141694526",], [ "0.006681721811557088", "0.9998090629856476", "0.01836279296310454", "-3.575198184078408",], [ "-0.0198613395467394", "-0.018226891942171308", "0.9996365877665505", "-0.00036885594654432666",], [ "0.0", "0.0", "0.0", "1.0",],]
frame_1938 = [ [ "0.9997804167841317", "-0.007044003258186494", "0.01973576026041884", "-3.8697000141692626",], [ "0.006681721811557392", "0.9998090629856476", "0.018362792963102666", "-3.575198184078043",], [ "-0.01986133954673834", "-0.018226891942169268", "0.9996365877665501", "-0.000368855946413524",], [ "0.0", "0.0", "0.0", "1.0",],]
frame_1939 = [ [ "0.9997804167841317", "-0.007044003258186799", "0.019735760260422276", "-3.8697000141699327",], [ "0.006681721811557796", "0.9998090629856473", "0.01836279296310267", "-3.5751981840780447",], [ "-0.019861339546741665", "-0.018226891942169268", "0.9996365877665503", "-0.00036885594642902626",], [ "0.0", "0.0", "0.0", "1.0",],]
frame_1940 = [ [ "0.9997804167841313", "-0.007044003258186664", "0.019735760260419326", "-3.869700014169359",], [ "0.006681721811557952", "0.9998090629856473", "0.018362792963105126", "-3.575198184078522",], [ "-0.019861339546738847", "-0.018226891942171725", "0.9996365877665504", "-0.00036885594651655515",], [ "0.0", "0.0", "0.0", "1.0",],]
frame_1941 = [ [ "0.999780416784131", "-0.00704400325818644", "0.019735760260415507", "-3.8697000141686155",], [ "0.006681721811558138", "0.9998090629856466", "0.0183627929631091", "-3.575198184079297",], [ "-0.019861339546735045", "-0.01822689194217565", "0.9996365877665503", "-0.00036885594651742565",], [ "0.0", "0.0", "0.0", "1.0",],]
frame_1942 = [ [ "0.9997974529541389", "-0.007490637011850772", "0.018680027397778277", "-3.664284324463981",], [ "0.007156362072003682", "0.9998142090630447", "0.017897872430643356", "-3.484750711886431",], [ "-0.018810623283646036", "-0.017760566229879156", "0.9996653053591935", "-0.004939568242515602",], [ "0.0", "0.0", "0.0", "1.0",],]
frame_1943 = [ [ "0.9997915834539782", "-0.007489148605918808", "0.018992164377835123", "-3.724842382585367",], [ "0.007144116997486139", "0.999809383036302", "0.01817028301668507", "-3.537644371016454",], [ "-0.01912462409884883", "-0.018030813784705026", "0.9996545095718592", "-0.0038657290117879006",], [ "0.0", "0.0", "0.0", "1.0",],]
frame_1944 = [ [ "0.999791923259175", "-0.007551604910429126", "0.018949497328577262", "-3.716728293103949",], [ "0.007208996993404319", "0.9998104873194135", "0.01808368901737286", "-3.520788642105117",], [ "-0.019082467033323187", "-0.017943319353029247", "0.999656889508862", "-0.004072333160320058",], [ "0.0", "0.0", "0.0", "1.0",],]
frame_1945 = [ [ "0.9997919232591753", "-0.007551604910429933", "0.018949497328582428", "-3.7167282931049566",], [ "0.007208996993403954", "0.9998104873194138", "0.018083689017371816", "-3.5207886421049137",], [ "-0.01908246703332841", "-0.01794331935302814", "0.9996568895088628", "-0.004072333160531874",], [ "0.0", "0.0", "0.0", "1.0",],]
frame_1946 = [ [ "0.9997919232591754", "-0.007551604910429983", "0.018949497328573768", "-3.7167282931032704",], [ "0.007208996993403818", "0.9998104873194138", "0.018083689017373956", "-3.5207886421053307",], [ "-0.019082467033319794", "-0.0179433193530303", "0.9996568895088631", "-0.004072333160556617",], [ "0.0", "0.0", "0.0", "1.0",],]
frame_1947 = [ [ "0.9997919232591751", "-0.00755160491043072", "0.018949497328578264", "-3.716728293104147",], [ "0.007208996993404231", "0.9998104873194141", "0.018083689017371278", "-3.520788642104808",], [ "-0.01908246703332427", "-0.017943319353027586", "0.9996568895088636", "-0.004072333160606247",], [ "0.0", "0.0", "0.0", "1.0",],]
frame_1948 = [ [ "0.9997919232591751", "-0.007551604910430954", "0.018949497328583576", "-3.716728293105181",], [ "0.007208996993403849", "0.9998104873194145", "0.018083689017366844", "-3.520788642103945",], [ "-0.019082467033329508", "-0.017943319353022978", "0.9996568895088637", "-0.004072333160631177",], [ "0.0", "0.0", "0.0", "1.0",],]
frame_1949 = [ [ "0.99979745295414", "-0.007490637011852257", "0.01868002739777647", "-3.664284324463631",], [ "0.007156362072002224", "0.999814209063046", "0.017897872430643533", "-3.4847507118864662",], [ "-0.01881062328364431", "-0.017760566229879392", "0.9996653053591962", "-0.004939568243032373",], [ "0.0", "0.0", "0.0", "1.0",],]
frame_1950 = [ [ "0.99979745295414", "-0.007490637011852145", "0.018680027397774863", "-3.6642843244633174",], [ "0.0071563620720017625", "0.999814209063046", "0.017897872430645105", "-3.4847507118867718",], [ "-0.01881062328364252", "-0.01776056622988074", "0.9996653053591964", "-0.004939568243034348",], [ "0.0", "0.0", "0.0", "1.0",],]
frame_1951 = [ [ "0.9997968945442053", "-0.007428865224937092", "0.018734503496077755", "-3.67469824559081",], [ "0.007091700222503911", "0.9998128422095326", "0.01799967613218411", "-3.504570007062129",], [ "-0.01886471435587405", "-0.017863160817144334", "0.9996624580516734", "-0.004689191702437202",], [ "0.0", "0.0", "0.0", "1.0",],]
frame_1952 = [ [ "0.9997968945442055", "-0.007428865224937027", "0.018734503496072953", "-3.6746982455898753",], [ "0.007091700222503894", "0.9998128422095324", "0.01799967613218547", "-3.5045700070623953",], [ "-0.018864714355869294", "-0.01786316081714565", "0.9996624580516735", "-0.004689191702478684",], [ "0.0", "0.0", "0.0", "1.0",],]
frame_1953 = [ [ "0.9997968945442056", "-0.007428865224936808", "0.018734503496078306", "-3.674698245590916",], [ "0.00709170022250322", "0.9998128422095321", "0.017999676132184714", "-3.5045700070622487",], [ "-0.01886471435587431", "-0.017863160817144633", "0.9996624580516733", "-0.004689191702463647",], [ "0.0", "0.0", "0.0", "1.0",],]
frame_1954 = [ [ "0.9997968945442062", "-0.007428865224937282", "0.018734503496085384", "-3.6746982455922943",], [ "0.007091700222503522", "0.999812842209532", "0.01799967613217962", "-3.5045700070612575",], [ "-0.018864714355881208", "-0.017863160817139363", "0.9996624580516738", "-0.004689191702456506",], [ "0.0", "0.0", "0.0", "1.0",],]
frame_1955 = [ [ "0.9997968945442066", "-0.00742886522493625", "0.018734503496073977", "-3.6746982455900716",], [ "0.007091700222502783", "0.9998128422095317", "0.017999676132185203", "-3.5045700070623447",], [ "-0.018864714355869637", "-0.0178631608171448", "0.9996624580516745", "-0.004689191702651045",], [ "0.0", "0.0", "0.0", "1.0",],]
frame_1956 = [ [ "0.9997968945442063", "-0.007428865224936168", "0.018734503496079205", "-3.67469824559109",], [ "0.007091700222502432", "0.9998128422095315", "0.017999676132187267", "-3.5045700070627466",], [ "-0.01886471435587456", "-0.017863160817146617", "0.9996624580516746", "-0.004689191702626526",], [ "0.0", "0.0", "0.0", "1.0",],]
frame_1957 = [ [ "0.9997968945442062", "-0.007428865224936767", "0.01873450349607616", "-3.674698245590498",], [ "0.00709170022250204", "0.9998128422095309", "0.01799967613218616", "-3.504570007062532",], [ "-0.018864714355871268", "-0.017863160817145323", "0.9996624580516754", "-0.00468919170272858",], [ "0.0", "0.0", "0.0", "1.0",],]
frame_1958 = [ [ "0.9997968945442064", "-0.007428865224936889", "0.018734503496077293", "-3.6746982455907196",], [ "0.007091700222501658", "0.9998128422095309", "0.017999676132187392", "-3.5045700070627728",], [ "-0.018864714355872215", "-0.017863160817146305", "0.9996624580516756", "-0.004689191702835377",], [ "0.0", "0.0", "0.0", "1.0",],]
frame_1959 = [ [ "0.9997968945442066", "-0.007428865224937465", "0.018734503496078584", "-3.6746982455909714",], [ "0.007091700222501884", "0.9998128422095305", "0.017999676132182917", "-3.5045700070619032",], [ "-0.018864714355873217", "-0.017863160817141538", "0.9996624580516753", "-0.004689191702791361",], [ "0.0", "0.0", "0.0", "1.0",],]
frame_1960 = [ [ "0.999797632862569", "-0.007986761332317065", "0.01846361193912785", "-3.621381435947533",], [ "0.007583089342775243", "0.9997329230941198", "0.021830694851850577", "-4.250886305853982",], [ "-0.01863303728427596", "-0.021686265817695397", "0.9995911743290211", "0.0056705854077382795",], [ "0.0", "0.0", "0.0", "1.0",],]
frame_1961 = [ [ "0.9998009979104923", "-0.007962805875771606", "0.01829093490727948", "-3.588512582451926",], [ "0.0075409470445777374", "0.9997066066836352", "0.02301813786499169", "-4.480730556062312",], [ "-0.018468857432663993", "-0.022875626235923065", "0.9995677100774475", "0.00814162775996982",], [ "0.0", "0.0", "0.0", "1.0",],]
frame_1962 = [ [ "0.9998009979104927", "-0.00796280587577231", "0.018290934907288694", "-3.588512582453719",], [ "0.007540947044578278", "0.9997066066836361", "0.023018137864993102", "-4.480730556062585",], [ "-0.018468857432672972", "-0.02287562623592428", "0.9995677100774484", "0.008141627759865499",], [ "0.0", "0.0", "0.0", "1.0",],]
frame_1963 = [ [ "0.9998009979104933", "-0.00796280587577191", "0.01829093490727406", "-3.58851258245087",], [ "0.007540947044578815", "0.9997066066836371", "0.023018137864990847", "-4.4807305560621415",], [ "-0.018468857432658192", "-0.022875626235922", "0.9995677100774494", "0.00814162775971639",], [ "0.0", "0.0", "0.0", "1.0",],]
frame_1964 = [ [ "0.9998009979104933", "-0.007962805875773023", "0.01829093490727479", "-3.588512582451015",], [ "0.007540947044579044", "0.9997066066836375", "0.02301813786499028", "-4.480730556062032",], [ "-0.01846885743265875", "-0.022875626235921463", "0.9995677100774498", "0.008141627759545425",], [ "0.0", "0.0", "0.0", "1.0",],]
frame_1965 = [ [ "0.9998009979104931", "-0.007962805875773223", "0.018290934907280603", "-3.588512582452146",], [ "0.0075409470445786855", "0.9997066066836369", "0.023018137864988016", "-4.480730556061591",], [ "-0.018468857432664534", "-0.02287562623591904", "0.99956771007745", "0.008141627759527136",], [ "0.0", "0.0", "0.0", "1.0",],]
frame_1966 = [ [ "0.9997981450859155", "-0.00816001532372936", "0.018359826597647733", "-3.6024504734537737",], [ "0.007793028882816987", "0.9997701658117385", "0.019972086861753294", "-3.8861050671159623",], [ "-0.01851857941663874", "-0.019824976738910916", "0.999631948525918", "-0.0011703161856332956",], [ "0.0", "0.0", "0.0", "1.0",],]
frame_1967 = [ [ "0.9997981450859158", "-0.008160015323729718", "0.018359826597653905", "-3.6024504734549763",], [ "0.007793028882816161", "0.9997701658117379", "0.019972086861748718", "-3.886105067115075",], [ "-0.018518579416644677", "-0.01982497673890598", "0.9996319485259184", "-0.0011703161857161046",], [ "0.0", "0.0", "0.0", "1.0",],]
frame_1968 = [ [ "0.999798145085916", "-0.008160015323729834", "0.01835982659765429", "-3.6024504734550513",], [ "0.007793028882816196", "0.9997701658117383", "0.01997208686174698", "-3.886105067114735",], [ "-0.01851857941664494", "-0.01982497673890407", "0.9996319485259191", "-0.0011703161858362993",], [ "0.0", "0.0", "0.0", "1.0",],]
frame_1969 = [ [ "0.9997981450859162", "-0.00816001532372981", "0.018359826597653506", "-3.602450473454897",], [ "0.007793028882815816", "0.999770165811738", "0.01997208686174848", "-3.886105067115029",], [ "-0.018518579416644258", "-0.01982497673890548", "0.9996319485259193", "-0.0011703161858902177",], [ "0.0", "0.0", "0.0", "1.0",],]
frame_1970 = [ [ "0.9997981450859165", "-0.008160015323730183", "0.018359826597654453", "-3.6024504734550833",], [ "0.007793028882815508", "0.999770165811738", "0.019972086861745297", "-3.8861050671144084",], [ "-0.018518579416644868", "-0.019824976738902003", "0.99963194852592", "-0.001170316186015189",], [ "0.0", "0.0", "0.0", "1.0",],]
frame_1971 = [ [ "0.9998509111391416", "-0.009415823887067862", "0.014474037266028035", "-2.8504761954667774",], [ "0.009038388340393224", "0.9996230401761285", "0.025924603859201496", "-5.045974261290691",], [ "-0.014712682639764135", "-0.025789916819873367", "0.9995591113886183", "0.0048152945014977465",], [ "0.0", "0.0", "0.0", "1.0",],]
frame_1972 = [ [ "0.9998509111391423", "-0.009415823887067465", "0.01447403726602866", "-2.8504761954668982",], [ "0.009038388340393635", "0.9996230401761281", "0.025924603859193946", "-5.045974261289222",], [ "-0.014712682639764758", "-0.025789916819865793", "0.9995591113886194", "0.004815294501290839",], [ "0.0", "0.0", "0.0", "1.0",],]
frame_1973 = [ [ "0.9998509111391429", "-0.009415823887067075", "0.014474037266027837", "-2.850476195466737",], [ "0.009038388340392882", "0.999623040176128", "0.02592460385919864", "-5.045974261290136",], [ "-0.014712682639763882", "-0.025789916819870456", "0.9995591113886195", "0.004815294501226416",], [ "0.0", "0.0", "0.0", "1.0",],]
frame_1974 = [ [ "0.9998500771046487", "-0.008970342447878516", "0.014810680950643253", "-2.9153961625812976",], [ "0.008648649097442083", "0.9997283456567557", "0.021643376797791932", "-4.212139943866776",], [ "-0.015000806066435632", "-0.02151203957763384", "0.9996560448327261", "-0.0044923423659073815",], [ "0.0", "0.0", "0.0", "1.0",],]
frame_1975 = [ [ "0.9998500771046482", "-0.00897034244787853", "0.014810680950639908", "-2.915396162580649",], [ "0.00864864909744196", "0.9997283456567558", "0.021643376797794527", "-4.2121399438672835",], [ "-0.015000806066432018", "-0.021512039577636304", "0.9996560448327257", "-0.00449234236585085",], [ "0.0", "0.0", "0.0", "1.0",],]
frame_1976 = [ [ "0.9997946344041643", "-0.008184875543744459", "0.018539062247109817", "-3.6365962806593064",], [ "0.007836449011101353", "0.9997927510515542", "0.018789492054784803", "-3.657209377225046",], [ "-0.018689009699946257", "-0.018640352923533027", "0.9996515683773839", "-0.00291104895248676",], [ "0.0", "0.0", "0.0", "1.0",],]
frame_1977 = [ [ "0.9997976328625743", "-0.007986761332318616", "0.018463611939130577", "-3.6213814359480616",], [ "0.007583089342771941", "0.9997329230941225", "0.021830694851850314", "-4.250886305853927",], [ "-0.01863303728427654", "-0.021686265817692958", "0.9995911743290293", "0.005670585406128897",], [ "0.0", "0.0", "0.0", "1.0",],]
frame_1978 = [ [ "0.9997555612712267", "-0.009417841608357097", "0.020003048935594573", "-3.9243435767704726",], [ "0.009217966627024668", "0.9999068979919956", "0.010061035697176876", "-1.9591602032489293",], [ "-0.020095939852178064", "-0.009874188952866661", "0.9997492953706053", "0.0010421365376598742",], [ "0.0", "0.0", "0.0", "1.0",],]
frame_1979 = [ [ "0.9997472718845816", "-0.009475959057982953", "0.020386234554057553", "-3.998956685410567",], [ "0.009328885212389875", "0.9999298573452021", "0.007297416687427563", "-1.4201130389718533",], [ "-0.02045395463119737", "-0.007105391582985781", "0.9997655470911361", "0.0012218398873318748",], [ "0.0", "0.0", "0.0", "1.0",],]
frame_1980 = [ [ "0.9997472718845815", "-0.009475959057983523", "0.020386234554059423", "-3.9989566854109326",], [ "0.00932888521238996", "0.9999298573452016", "0.007297416687423133", "-1.4201130389709928",], [ "-0.020453954631199107", "-0.007105391582981076", "0.9997655470911365", "0.001221839887275459",], [ "0.0", "0.0", "0.0", "1.0",],]
frame_1981 = [ [ "0.9996878704211398", "-0.009447145721740343", "0.023128189954750415", "-4.528872921596461",], [ "0.009226447548864347", "0.9999110583868955", "0.009630575332597974", "-1.8783237290675674",], [ "-0.02321711434477228", "-0.009414178313650002", "0.999686120163836", "0.012180964333468899",], [ "0.0", "0.0", "0.0", "1.0",],]
frame_1982 = [ [ "0.9996878704211396", "-0.00944714572174039", "0.023128189954751997", "-4.52887292159677",], [ "0.009226447548864394", "0.9999110583868953", "0.009630575332596574", "-1.8783237290672963",], [ "-0.02321711434477374", "-0.009414178313648628", "0.9996861201638354", "0.012180964333643613",], [ "0.0", "0.0", "0.0", "1.0",],]
frame_1983 = [ [ "0.9996849632059672", "-0.009624121320290486", "0.02318082459104886", "-4.53961203443732",], [ "0.009474552474398804", "0.9999336401890471", "0.006553477985291996", "-1.277741859802898",], [ "-0.023242357783104586", "-0.006331785459602402", "0.9997098085432695", "0.010843546899399837",], [ "0.0", "0.0", "0.0", "1.0",],]
frame_1984 = [ [ "0.9996849632059671", "-0.00962412132029118", "0.0231808245910515", "-4.539612034437834",], [ "0.009474552474398313", "0.9999336401890475", "0.006553477985292637", "-1.277741859803022",], [ "-0.023242357783106897", "-0.006331785459602612", "0.9997098085432702", "0.010843546899353695",], [ "0.0", "0.0", "0.0", "1.0",],]
frame_1985 = [ [ "0.9996878704211402", "-0.009447145721741632", "0.023128189954751625", "-4.5288729215967",], [ "0.009226447548864225", "0.9999110583868963", "0.009630575332594832", "-1.878323729066955",], [ "-0.023217114344772753", "-0.009414178313646304", "0.9996861201638374", "0.01218096433325819",], [ "0.0", "0.0", "0.0", "1.0",],]
frame_1986 = [ [ "0.9996849632059679", "-0.009624121320291308", "0.023180824591049223", "-4.539612034437391",], [ "0.009474552474397447", "0.9999336401890483", "0.0065534779852940905", "-1.277741859803304",], [ "-0.023242357783104475", "-0.006331785459603867", "0.9997098085432707", "0.01084354689925426",], [ "0.0", "0.0", "0.0", "1.0",],]
frame_1987 = [ [ "0.9996907177734303", "-0.009639838301275721", "0.022924709707974538", "-4.490923831992674",], [ "0.009270953651768108", "0.9998267059238577", "0.016143343515218823", "-3.1439532673254926",], [ "-0.02307635621270551", "-0.015925816744800723", "0.9996068477881703", "0.009779362731250688",], [ "0.0", "0.0", "0.0", "1.0",],]
frame_1988 = [ [ "0.9996907177734307", "-0.009639838301275907", "0.02292470970797234", "-4.490923831992247",], [ "0.009270953651767343", "0.9998267059238576", "0.016143343515220197", "-3.1439532673257613",], [ "-0.023076356212703184", "-0.015925816744801848", "0.999606847788171", "0.009779362731215135",], [ "0.0", "0.0", "0.0", "1.0",],]
frame_1989 = [ [ "0.9996694780268754", "-0.011653645969361305", "0.022915654848198228", "-4.4956722718032305",], [ "0.011136118951155904", "0.9996829387465155", "0.022583375165230367", "-4.389356917952885",], [ "-0.02317156784090814", "-0.022320719405268676", "0.9994822979568347", "0.023365788447818208",], [ "0.0", "0.0", "0.0", "1.0",],]
frame_1990 = [ [ "0.9996694780268754", "-0.011653645969361873", "0.022915654848193436", "-4.495672271802299",], [ "0.011136118951156059", "0.9996829387465159", "0.022583375165225135", "-4.389356917951865",], [ "-0.023171567840903268", "-0.02232071940526339", "0.9994822979568351", "0.02336578844782997",], [ "0.0", "0.0", "0.0", "1.0",],]
frame_1991 = [ [ "0.9996694780268754", "-0.0116536459693616", "0.02291565484819514", "-4.49567227180263",], [ "0.011136118951155849", "0.9996829387465165", "0.02258337516523015", "-4.389356917952839",], [ "-0.023171567840905006", "-0.022320719405268384", "0.999482297956835", "0.023365788447802696",], [ "0.0", "0.0", "0.0", "1.0",],]
frame_1992 = [ [ "0.9997094281624725", "-0.010297685631297007", "0.021794882741805063", "-4.2730104588080025",], [ "0.009744028551031987", "0.9996309293944142", "0.02535860614615866", "-4.931205185433785",], [ "-0.022047973845365176", "-0.025138867689661417", "0.999440805741214", "0.02491784426958903",], [ "0.0", "0.0", "0.0", "1.0",],]
frame_1993 = [ [ "0.9997094281624727", "-0.01029768563129673", "0.02179488274180941", "-4.273010458808848",], [ "0.009744028551032067", "0.9996309293944151", "0.025358606146160326", "-4.931205185434106",], [ "-0.0220479738453697", "-0.025138867689663114", "0.9994408057412143", "0.02491784426936102",], [ "0.0", "0.0", "0.0", "1.0",],]
frame_1994 = [ [ "0.9997859709539583", "-0.008148566629820888", "0.019016128563897453", "-3.728959568475486",], [ "0.007774481903495175", "0.9997764237751366", "0.019663669407104924", "-3.82835423437394",], [ "-0.01917210773000406", "-0.01951162026329625", "0.9996257934647059", "0.0008017731247534577",], [ "0.0", "0.0", "0.0", "1.0",],]
frame_1995 = [ [ "0.999785970953958", "-0.00814856662982037", "0.01901612856390267", "-3.7289595684765002",], [ "0.007774481903494458", "0.9997764237751365", "0.01966366940710613", "-3.828354234374177",], [ "-0.019172107730009255", "-0.019511620263297443", "0.9996257934647058", "0.0008017731248059507",], [ "0.0", "0.0", "0.0", "1.0",],]
frame_1996 = [ [ "0.9997859709539578", "-0.008148566629821082", "0.019016128563893658", "-3.728959568474748",], [ "0.007774481903495652", "0.9997764237751368", "0.019663669407107277", "-3.828354234374397",], [ "-0.01917210773000018", "-0.019511620263298477", "0.9996257934647064", "0.0008017731246335777",], [ "0.0", "0.0", "0.0", "1.0",],]
frame_1997 = [ [ "0.9997859709539575", "-0.008148566629820305", "0.019016128563897214", "-3.728959568475439",], [ "0.007774481903495551", "0.9997764237751368", "0.019663669407105448", "-3.82835423437404",], [ "-0.019172107730003732", "-0.019511620263296534", "0.9996257934647065", "0.0008017731246963739",], [ "0.0", "0.0", "0.0", "1.0",],]
frame_1998 = [ [ "0.9997547709405143", "-0.009283364607308114", "0.02010515166006127", "-3.94483212664369",], [ "0.008881229237960683", "0.9997605458168817", "0.019999369869441477", "-3.893751202621304",], [ "-0.020285998839800014", "-0.019815906982011407", "0.9995978231677006", "0.009386236581046595",], [ "0.0", "0.0", "0.0", "1.0",],]
frame_1999 = [ [ "0.9997547709405143", "-0.009283364607308022", "0.020105151660060702", "-3.94483212664358",], [ "0.008881229237960529", "0.9997605458168815", "0.01999936986944153", "-3.8937512026213144",], [ "-0.020285998839799226", "-0.01981590698201159", "0.9995978231677006", "0.00938623658098733",], [ "0.0", "0.0", "0.0", "1.0",],]
frame_2000 = [ [ "0.9997269401553551", "-0.010221074196387517", "0.021013680541706492", "-4.124219513624207",], [ "0.00986007898863084", "0.9998032524740974", "0.01721148408980673", "-3.3495667659714057",], [ "-0.021185466007953232", "-0.016999587774642593", "0.9996310269522298", "0.005526038351854916",], [ "0.0", "0.0", "0.0", "1.0",],]
frame_2001 = [ [ "0.9997269401553549", "-0.010221074196387339", "0.02101368054170424", "-4.1242195136237685",], [ "0.009860078988631065", "0.9998032524740976", "0.017211484089808812", "-3.3495667659718107",], [ "-0.021185466007951004", "-0.016999587774644907", "0.9996310269522297", "0.005526038351824907",], [ "0.0", "0.0", "0.0", "1.0",],]
frame_2002 = [ [ "0.9997269401553546", "-0.01022107419638764", "0.02101368054170245", "-4.124219513623421",], [ "0.009860078988631355", "0.9998032524740977", "0.017211484089804552", "-3.349566765970981",], [ "-0.021185466007949256", "-0.016999587774640796", "0.9996310269522295", "0.005526038351889334",], [ "0.0", "0.0", "0.0", "1.0",],]
frame_2003 = [ [ "0.9997269401553548", "-0.010221074196387632", "0.021013680541705958", "-4.124219513624104",], [ "0.009860078988631685", "0.9998032524740984", "0.0172114840898079", "-3.349566765971632",], [ "-0.02118546600795273", "-0.016999587774644127", "0.9996310269522292", "0.005526038351886399",], [ "0.0", "0.0", "0.0", "1.0",],]
frame_2004 = [ [ "0.9997269401553548", "-0.010221074196387615", "0.02101368054170254", "-4.124219513623439",], [ "0.009860078988631676", "0.999803252474098", "0.017211484089807053", "-3.349566765971467",], [ "-0.02118546600794931", "-0.016999587774643127", "0.9996310269522292", "0.005526038351954152",], [ "0.0", "0.0", "0.0", "1.0",],]
frame_2005 = [ [ "0.9997269401553546", "-0.01022107419638755", "0.021013680541702887", "-4.1242195136235065",], [ "0.009860078988631534", "0.9998032524740981", "0.017211484089807248", "-3.349566765971505",], [ "-0.021185466007949634", "-0.01699958777464334", "0.9996310269522287", "0.005526038352041523",], [ "0.0", "0.0", "0.0", "1.0",],]
frame_2006 = [ [ "0.9997269401553542", "-0.010221074196387939", "0.02101368054170175", "-4.124219513623286",], [ "0.009860078988631928", "0.9998032524740983", "0.01721148408980605", "-3.3495667659712707",], [ "-0.021185466007948427", "-0.01699958777464211", "0.9996310269522285", "0.005526038352004045",], [ "0.0", "0.0", "0.0", "1.0",],]
frame_2007 = [ [ "0.9997269401553538", "-0.010221074196387656", "0.021013680541695313", "-4.124219513622035",], [ "0.00986007898863188", "0.9998032524740975", "0.01721148408980618", "-3.3495667659712987",], [ "-0.021185466007941783", "-0.016999587774642243", "0.9996310269522285", "0.005526038352090556",], [ "0.0", "0.0", "0.0", "1.0",],]
frame_2008 = [ [ "0.9997269401553536", "-0.010221074196387646", "0.021013680541703373", "-4.124219513623602",], [ "0.009860078988631883", "0.9998032524740973", "0.017211484089806186", "-3.349566765971298",], [ "-0.02118546600794999", "-0.016999587774642288", "0.9996310269522283", "0.005526038352068017",], [ "0.0", "0.0", "0.0", "1.0",],]
frame_2009 = [ [ "0.9997269401553535", "-0.010221074196387585", "0.02101368054170341", "-4.1242195136236095",], [ "0.00986007898863157", "0.9998032524740973", "0.017211484089805766", "-3.3495667659712183",], [ "-0.021185466007950286", "-0.01699958777464209", "0.9996310269522277", "0.005526038352210778",], [ "0.0", "0.0", "0.0", "1.0",],]
frame_2010 = [ [ "0.9997269401553532", "-0.01022107419638797", "0.021013680541704414", "-4.124219513623806",], [ "0.009860078988631496", "0.9998032524740971", "0.017211484089808042", "-3.349566765971661",], [ "-0.021185466007951542", "-0.016999587774644474", "0.9996310269522276", "0.005526038352167068",], [ "0.0", "0.0", "0.0", "1.0",],]
frame_2011 = [ [ "0.9997269401553531", "-0.010221074196387944", "0.021013680541705673", "-4.124219513624051",], [ "0.009860078988631343", "0.999803252474097", "0.017211484089808105", "-3.3495667659716735",], [ "-0.02118546600795295", "-0.016999587774644644", "0.9996310269522274", "0.005526038352344038",], [ "0.0", "0.0", "0.0", "1.0",],]
frame_2012 = [ [ "0.9997405570317037", "-0.011129813480237472", "0.019873245277430892", "-3.902737997620013",], [ "0.01079825655514759", "0.9998020058815988", "0.016713667775763757", "-3.2517761692625102",], [ "-0.02005533049665947", "-0.016494735131086916", "0.999662796862859", "9.756981732772583e-05",], [ "0.0", "0.0", "0.0", "1.0",],]
frame_2013 = [ [ "0.9997046592841109", "-0.0108773232376286", "0.021731959066065686", "-4.264400329991752",], [ "0.010500252147596466", "0.9997936379621066", "0.017390405267056715", "-3.3838262416639777",], [ "-0.021916635474020656", "-0.017157078122451874", "0.9996125728300184", "0.008665560923701049",], [ "0.0", "0.0", "0.0", "1.0",],]
frame_2014 = [ [ "0.9997304804559315", "-0.010129765355318664", "0.020889095270578875", "-4.098310978840621",], [ "0.00977273510185456", "0.9998056201901496", "0.017123535991106574", "-3.331713759211108",], [ "-0.0210584922538478", "-0.016914777268887876", "0.9996351485487028", "0.004882629871620097",], [ "0.0", "0.0", "0.0", "1.0",],]
frame_2015 = [ [ "0.9997304804559312", "-0.010129765355318721", "0.020889095270578473", "-4.098310978840543",], [ "0.009772735101854772", "0.9998056201901494", "0.01712353599110484", "-3.3317137592107704",], [ "-0.0210584922538476", "-0.016914777268885944", "0.9996351485487024", "0.004882629871726668",], [ "0.0", "0.0", "0.0", "1.0",],]
frame_2016 = [ [ "0.9997304804559313", "-0.01012976535531835", "0.02088909527057847", "-4.098310978840542",], [ "0.00977273510185506", "0.9998056201901494", "0.017123535991105717", "-3.33171375921094",], [ "-0.02105849225384777", "-0.016914777268886842", "0.999635148548702", "0.004882629871815644",], [ "0.0", "0.0", "0.0", "1.0",],]
frame_2017 = [ [ "0.9997304804559309", "-0.010129765355318066", "0.0208890952705777", "-4.098310978840391",], [ "0.009772735101855369", "0.9998056201901484", "0.017123535991103882", "-3.3317137592105848",], [ "-0.02105849225384708", "-0.016914777268884927", "0.9996351485487014", "0.00488262987192025",], [ "0.0", "0.0", "0.0", "1.0",],]
frame_2018 = [ [ "0.99973048045593", "-0.010129765355317384", "0.020889095270576898", "-4.098310978840234",], [ "0.009772735101855506", "0.9998056201901483", "0.017123535991103382", "-3.331713759210487",], [ "-0.02105849225384649", "-0.016914777268884476", "0.9996351485487007", "0.004882629872001691",], [ "0.0", "0.0", "0.0", "1.0",],]
frame_2019 = [ [ "0.9997517732647302", "-0.009473237959259832", "0.020165555202328656", "-3.9571073412451248",], [ "0.009132137382641795", "0.9998147960010075", "0.016940418067592045", "-3.2966400084756247",], [ "-0.020322301072339722", "-0.01675205838240695", "0.9996531261488268", "0.0018491118146845044",], [ "0.0", "0.0", "0.0", "1.0",],]
frame_2020 = [ [ "0.9997517732647302", "-0.00947323795926026", "0.020165555202327965", "-3.9571073412449915",], [ "0.009132137382641566", "0.999814796001008", "0.016940418067591268", "-3.2966400084754737",], [ "-0.02032230107233883", "-0.01675205838240604", "0.9996531261488275", "0.0018491118145642106",], [ "0.0", "0.0", "0.0", "1.0",],]
frame_2021 = [ [ "0.9997269401553538", "-0.01022107419638741", "0.021013680541705777", "-4.124219513624069",], [ "0.009860078988630453", "0.9998032524740962", "0.017211484089808698", "-3.349566765971792",], [ "-0.021185466007953832", "-0.016999587774644814", "0.9996310269522269", "0.0055260383523174795",], [ "0.0", "0.0", "0.0", "1.0",],]
frame_2022 = [ [ "0.9997269401553536", "-0.010221074196387674", "0.021013680541699626", "-4.124219513622874",], [ "0.009860078988630963", "0.9998032524740956", "0.0172114840898074", "-3.3495667659715394",], [ "-0.02118546600794758", "-0.016999587774643516", "0.9996310269522267", "0.005526038352486176",], [ "0.0", "0.0", "0.0", "1.0",],]
frame_2023 = [ [ "0.9997214541142943", "-0.010343135424036386", "0.02121399852039174", "-4.163300163625558",], [ "0.009976877260598867", "0.9998005885296727", "0.017298702143941344", "-3.3663308954900324",], [ "-0.021388691024682844", "-0.017082234202177526", "0.9996252903818299", "0.006193118521212911",], [ "0.0", "0.0", "0.0", "1.0",],]
frame_2024 = [ [ "0.9997214541142945", "-0.010343135424037036", "0.02121399852039221", "-4.16330016362565",], [ "0.009976877260598737", "0.9998005885296728", "0.017298702143941726", "-3.3663308954901074",], [ "-0.02138869102468341", "-0.017082234202178012", "0.9996252903818296", "0.006193118521245356",], [ "0.0", "0.0", "0.0", "1.0",],]
frame_2025 = [ [ "0.9997214541142944", "-0.010343135424037577", "0.021213998520389406", "-4.163300163625106",], [ "0.009976877260597915", "0.9998005885296728", "0.017298702143944546", "-3.3663308954906572",], [ "-0.02138869102468067", "-0.017082234202180836", "0.9996252903818287", "0.006193118521385484",], [ "0.0", "0.0", "0.0", "1.0",],]
frame_2026 = [ [ "0.9996994140549804", "-0.010987847584222441", "0.021916859802841384", "-4.300482070241086",], [ "0.010605725883740246", "0.999791036528484", "0.017475750507392283", "-3.4002513824133205",], [ "-0.022104300862719983", "-0.017238053335100728", "0.9996070474944789", "0.009317902709664169",], [ "0.0", "0.0", "0.0", "1.0",],]
frame_2027 = [ [ "0.9996994140549808", "-0.010987847584222199", "0.021916859802841217", "-4.300482070241051",], [ "0.010605725883740274", "0.9997910365284841", "0.0174757505073947", "-3.400251382413791",], [ "-0.022104300862719674", "-0.017238053335102928", "0.9996070474944798", "0.009317902709527972",], [ "0.0", "0.0", "0.0", "1.0",],]
frame_2028 = [ [ "0.999699414054981", "-0.0109878475842223", "0.021916859802843157", "-4.300482070241428",], [ "0.01060572588373995", "0.9997910365284846", "0.01747575050739715", "-3.4002513824142664",], [ "-0.022104300862721624", "-0.01723805333510533", "0.9996070474944804", "0.00931790270943069",], [ "0.0", "0.0", "0.0", "1.0",],]
frame_2029 = [ [ "0.9996994140549812", "-0.01098784758422229", "0.021916859802842026", "-4.30048207024121",], [ "0.010605725883739989", "0.9997910365284846", "0.01747575050739706", "-3.4002513824142486",], [ "-0.022104300862720378", "-0.01723805333510507", "0.999607047494481", "0.009317902709282216",], [ "0.0", "0.0", "0.0", "1.0",],]
frame_2030 = [ [ "0.9996994140549814", "-0.010987847584221984", "0.021916859802841117", "-4.300482070241031",], [ "0.010605725883739908", "0.9997910365284842", "0.017475750507394826", "-3.4002513824138147",], [ "-0.022104300862719244", "-0.01723805333510271", "0.9996070474944816", "0.009317902709212473",], [ "0.0", "0.0", "0.0", "1.0",],]
frame_2031 = [ [ "0.9996994140549819", "-0.010987847584222013", "0.021916859802843705", "-4.300482070241534",], [ "0.01060572588373999", "0.9997910365284849", "0.017475750507395686", "-3.4002513824139813",], [ "-0.022104300862721485", "-0.01723805333510338", "0.9996070474944823", "0.009317902709053819",], [ "0.0", "0.0", "0.0", "1.0",],]
frame_2032 = [ [ "0.9996994140549816", "-0.010987847584222396", "0.021916859802840027", "-4.300482070240819",], [ "0.010605725883740216", "0.9997910365284852", "0.01747575050739243", "-3.400251382413347",], [ "-0.022104300862717467", "-0.017238053335099972", "0.9996070474944827", "0.009317902708911217",], [ "0.0", "0.0", "0.0", "1.0",],]
frame_2033 = [ [ "0.9996994140549813", "-0.010987847584222367", "0.021916859802844874", "-4.300482070241761",], [ "0.010605725883740398", "0.9997910365284842", "0.017475750507390853", "-3.4002513824130416",], [ "-0.0221043008627221", "-0.01723805333509808", "0.9996070474944828", "0.009317902708896528",], [ "0.0", "0.0", "0.0", "1.0",],]
frame_2034 = [ [ "0.9996994140549814", "-0.010987847584221638", "0.021916859802839816", "-4.300482070240777",], [ "0.010605725883739177", "0.999791036528484", "0.017475750507396644", "-3.40025138241417",], [ "-0.022104300862716877", "-0.01723805333510382", "0.9996070474944835", "0.009317902708836173",], [ "0.0", "0.0", "0.0", "1.0",],]
frame_2035 = [ [ "0.9996994140549815", "-0.010987847584221921", "0.021916859802842754", "-4.300482070241349",], [ "0.010605725883738506", "0.999791036528484", "0.01747575050739482", "-3.4002513824138147",], [ "-0.02210430086271954", "-0.017238053335101793", "0.9996070474944839", "0.009317902708784024",], [ "0.0", "0.0", "0.0", "1.0",],]
frame_2036 = [ [ "0.9996994140549817", "-0.010987847584222684", "0.021916859802844517", "-4.300482070241693",], [ "0.010605725883738943", "0.9997910365284844", "0.017475750507397237", "-3.400251382414285",], [ "-0.022104300862721065", "-0.017238053335103982", "0.9996070474944843", "0.009317902708627392",], [ "0.0", "0.0", "0.0", "1.0",],]
frame_2037 = [ [ "0.9996994140549817", "-0.010987847584223326", "0.021916859802843282", "-4.300482070241455",], [ "0.010605725883739286", "0.9997910365284851", "0.01747575050738755", "-3.4002513824123985",], [ "-0.022104300862719622", "-0.017238053335094258", "0.9996070474944845", "0.009317902708616908",], [ "0.0", "0.0", "0.0", "1.0",],]
frame_2038 = [ [ "0.999699414054982", "-0.010987847584223286", "0.021916859802843646", "-4.300482070241525",], [ "0.010605725883738587", "0.999791036528485", "0.017475750507390017", "-3.40025138241288",], [ "-0.02210430086271992", "-0.017238053335096513", "0.9996070474944846", "0.009317902708597317",], [ "0.0", "0.0", "0.0", "1.0",],]
