frame_176 = [ [ "1.0", "0.0", "0.0", "0.0",], [ "0.0", "1.0", "0.0", "0.0",], [ "0.0", "0.0", "1.0", "0.0",], [ "0.0", "0.0", "0.0", "1.0",],]
frame_177 = [ [ "0.9999939546852215", "0.0009820273576857696", "-0.003335598189446506", "0.6311336156206586",], [ "-0.0009995120761944448", "0.9999857493703641", "-0.005244237961925736", "1.0189240186205826",], [ "0.003330400669923573", "0.005247540229528644", "0.9999806856899384", "-0.0012364879781266453",], [ "0.0", "0.0", "0.0", "1.0",],]
frame_178 = [ [ "0.9999936464987335", "0.0007767988587360241", "-0.0034790150476023845", "0.6583639616332522",], [ "-0.0007965632310865599", "0.9999835329578487", "-0.005683247325139293", "1.1043208200956487",], [ "0.0034745430184792733", "0.005685982472088091", "0.9999777983306141", "0.0006797542169252446",], [ "0.0", "0.0", "0.0", "1.0",],]
frame_179 = [ [ "0.9999939808183688", "0.0008556666616800372", "-0.0033624636204807154", "0.6351087286827674",], [ "-0.0008760685536988637", "0.9999811890023281", "-0.00607076151563051", "1.180221413774198",], [ "0.0033572058209459274", "0.006073670723256089", "0.9999759195565783", "0.001521699741917328",], [ "0.0", "0.0", "0.0", "1.0",],]
frame_180 = [ [ "0.9999947485608144", "0.0013479637078890581", "-0.0029471757054061348", "0.555630074216793",], [ "-0.0013662643044468265", "0.9999797448483217", "-0.006216366699076523", "1.2071089766734984",], [ "0.0029387365732104266", "0.006220360675170957", "0.999976335190202", "0.000496805668308469",], [ "0.0", "0.0", "0.0", "1.0",],]
frame_181 = [ [ "0.9999947485608153", "0.0013479637078887123", "-0.0029471757054068863", "0.5556300742169393",], [ "-0.0013662643044466953", "0.999979744848322", "-0.006216366699076118", "1.2071089766734207",], [ "0.002938736573211222", "0.006220360675170356", "0.9999763351902019", "0.0004968056682797628",], [ "0.0", "0.0", "0.0", "1.0",],]
frame_182 = [ [ "0.9999933654934359", "0.0013764246171398251", "-0.003372599055568146", "0.6386085918714125",], [ "-0.0013977898531399367", "0.9999789199948195", "-0.0063408003850959", "1.2311633852790214",], [ "0.0033638003274207404", "0.0063454725017531325", "0.9999742095804719", "0.001744725167402457",], [ "0.0", "0.0", "0.0", "1.0",],]
frame_183 = [ [ "0.9999877504616104", "0.0007259929905157259", "-0.004896106709322902", "0.9338035983937721",], [ "-0.0007624893946588426", "0.9999719097661691", "-0.007456425988773343", "1.4482331166712419",], [ "0.0048905558635391425", "0.007460067880438697", "0.9999602141338263", "0.007698515470157225",], [ "0.0", "0.0", "0.0", "1.0",],]
frame_184 = [ [ "0.9999879922833281", "0.0007628947802179426", "-0.004840793397455363", "0.9231916863142112",], [ "-0.0007983110070130067", "0.9999729008094582", "-0.007318493441561488", "1.4214354255698478",], [ "0.004835078975428067", "0.007322270021818856", "0.9999615024454848", "0.006945957709494158",], [ "0.0", "0.0", "0.0", "1.0",],]
frame_185 = [ [ "0.9999920161455859", "4.140237602375825e-05", "-0.003995739097352477", "0.7580260988691384",], [ "-6.719292169779021e-05", "0.9999791666366613", "-0.006454593539549991", "1.255188254653684",], [ "0.0039953886171604685", "0.0064548104924010445", "0.999971185730523", "0.002228727675000898",], [ "0.0", "0.0", "0.0", "1.0",],]
frame_186 = [ [ "0.999988164048524", "0.00026167928813561363", "-0.0048583213991649655", "0.9258421126863995",], [ "-0.0002896501707677169", "0.9999833834899651", "-0.005757503516452038", "1.119552338415418",], [ "0.004856734051398577", "0.0057588425845443965", "0.9999716235306098", "0.0017760448304435983",], [ "0.0", "0.0", "0.0", "1.0",],]
frame_187 = [ [ "0.9999881640485238", "0.00026167928813548575", "-0.004858321399165023", "0.9258421126864087",], [ "-0.00028965017076745185", "0.9999833834899651", "-0.005757503516451196", "1.1195523384152548",], [ "0.00485673405139865", "0.005758842584543526", "0.9999716235306095", "0.0017760448305563792",], [ "0.0", "0.0", "0.0", "1.0",],]
frame_188 = [ [ "0.9999881640485246", "0.0002616792881348232", "-0.004858321399163929", "0.925842112686196",], [ "-0.0002896501707674743", "0.9999833834899646", "-0.005757503516452209", "1.1195523384154502",], [ "0.004856734051397745", "0.005758842584544901", "0.9999716235306094", "0.0017760448304433966",], [ "0.0", "0.0", "0.0", "1.0",],]
frame_189 = [ [ "0.9999893073166392", "-6.66837764472326e-05", "-0.004623938328964339", "0.8776823338270844",], [ "3.955918314655509e-05", "0.9999827942859834", "-0.005865966848615849", "1.1411141851254478",], [ "0.004624249935627747", "0.005865721206469298", "0.9999721044245509", "0.0009719453872610425",], [ "0.0", "0.0", "0.0", "1.0",],]
frame_190 = [ [ "0.9999944875949426", "-0.0004368994398389499", "-0.0032914888142113042", "0.6175441946981484",], [ "0.00042683282103584677", "0.9999952318052557", "-0.003058460477881349", "0.5948834430196177",], [ "0.0032928093594231625", "0.0030570387029550962", "0.9999899059095014", "-0.012365622231372782",], [ "0.0", "0.0", "0.0", "1.0",],]
frame_191 = [ [ "0.999992034564946", "-0.0005300442376486352", "-0.003955990365592464", "0.7469154376212568",], [ "0.0005188546397645527", "0.999995863736103", "-0.0028290105243203314", "0.5513905758819936",], [ "0.003957473503301128", "0.0028269354060678066", "0.9999881733499065", "-0.011028797188116344",], [ "0.0", "0.0", "0.0", "1.0",],]
frame_192 = [ [ "0.9999912476008043", "-0.00025835043224509434", "-0.004175880368170136", "0.7909320748360484",], [ "0.00023644006780571144", "0.9999862089278801", "-0.005246527436148079", "1.0225688940659752",], [ "0.004177178220936236", "0.0052454941710121245", "0.9999775177337815", "-0.0027091555450055003",], [ "0.0", "0.0", "0.0", "1.0",],]
frame_193 = [ [ "0.999988800048571", "-0.0005343037041534611", "-0.004702584074752866", "0.8932578436888743",], [ "0.0005088084043775248", "0.9999851764003069", "-0.00542107864298944", "1.057445415836555",], [ "0.0047054108679310865", "0.00541862521287629", "0.9999742484731144", "-0.00011213847738044018",], [ "0.0", "0.0", "0.0", "1.0",],]
frame_194 = [ [ "0.9999874434929699", "-0.0008365228570682498", "-0.004940960019316662", "0.9400385246349751",], [ "0.0008026601707023266", "0.9999762062347259", "-0.006851474370725325", "1.3353236857537771",], [ "0.004946573870192166", "0.006847422428331009", "0.9999643214700398", "0.007260397439940965",], [ "0.0", "0.0", "0.0", "1.0",],]
frame_195 = [ [ "0.9999887651454108", "-0.0017268549822411256", "-0.004414471070736816", "0.8344081254973931",], [ "0.0016911268300672832", "0.9999658908841894", "-0.008084377417675802", "1.5775135948118273",], [ "0.004428281044456643", "0.008076821160407229", "0.9999575767436015", "0.009997473666518021",], [ "0.0", "0.0", "0.0", "1.0",],]
frame_196 = [ [ "0.999991917968219", "-0.0015383350126979836", "-0.0037145018022691654", "0.6982139355089966",], [ "0.0015090924797211362", "0.9999679510208893", "-0.007862542271330358", "1.5338219504848163",], [ "0.0037264779803462484", "0.007856873199282572", "0.9999621907379266", "0.007578564591551087",], [ "0.0", "0.0", "0.0", "1.0",],]
frame_197 = [ [ "0.9999919179682185", "-0.0015383350126980224", "-0.003714501802269248", "0.6982139355090111",], [ "0.0015090924797215336", "0.9999679510208891", "-0.007862542271331758", "1.533821950485089",], [ "0.0037264779803462475", "0.007856873199283873", "0.9999621907379267", "0.0075785645916099246",], [ "0.0", "0.0", "0.0", "1.0",],]
frame_198 = [ [ "0.9999905088985029", "-0.0012547307268359234", "-0.00417226122434566", "0.7879132515127555",], [ "0.0012219417828277966", "0.9999684253599249", "-0.007852078799237064", "1.5311463996208827",], [ "0.004181981731241135", "0.007846906014045547", "0.9999604677660056", "0.008506700279651929",], [ "0.0", "0.0", "0.0", "1.0",],]
frame_199 = [ [ "0.9999905945862938", "-0.0012442080513745757", "-0.0041548387795407055", "0.7848398420607485",], [ "0.001212656445779661", "0.9999704765909828", "-0.007587846252078432", "1.479609392366677",], [ "0.004164156973938515", "0.007582736493222196", "0.9999625802518679", "0.007248809102730546",], [ "0.0", "0.0", "0.0", "1.0",],]
frame_200 = [ [ "0.9999902207220753", "0.0003043668280117816", "-0.004412008732817936", "0.8398575866140122",], [ "-0.00033146341240968864", "0.9999810820487468", "-0.006142123136390635", "1.1940505730460587",], [ "0.004410055808118857", "0.006143525490336342", "0.9999714038422914", "0.002484920681223737",], [ "0.0", "0.0", "0.0", "1.0",],]
frame_201 = [ [ "0.9999857153360805", "0.000270281403091469", "-0.005338171200028105", "1.0194097705310494",], [ "-0.0003082717177636268", "0.999974624977817", "-0.007117188280550618", "1.3839089226426435",], [ "0.005336112100184491", "0.007118732221118922", "0.9999604239964817", "0.008917874581933707",], [ "0.0", "0.0", "0.0", "1.0",],]
frame_202 = [ [ "0.9999888074554232", "0.0009262374906826041", "-0.004639724992074115", "0.8854808138172852",], [ "-0.0009547122766242234", "0.9999807021316568", "-0.00613872044857657", "1.192512300158392",], [ "0.00463394954225126", "0.006143081343089787", "0.9999703940933737", "0.0026145199675610873",], [ "0.0", "0.0", "0.0", "1.0",],]
frame_203 = [ [ "0.999987426706529", "0.0010834834056083612", "-0.004896171215894512", "0.9357433393092031",], [ "-0.001112789142964823", "0.9999814604816031", "-0.0059866846753279905", "1.1631785009979312",], [ "0.00488959396974143", "0.005992057809161473", "0.9999700931098036", "0.002280106125019607",], [ "0.0", "0.0", "0.0", "1.0",],]
frame_204 = [ [ "0.9999859637237347", "0.0011206954971485618", "-0.005178455090799878", "0.9901653090464422",], [ "-0.0011509996253398031", "0.9999822104325918", "-0.0058526932439190256", "1.1371371459554722",], [ "0.0051718038813630355", "0.005858571493775501", "0.999969464326122", "0.0029652224825921043",], [ "0.0", "0.0", "0.0", "1.0",],]
frame_206 = [ [ "0.9999900689573111", "0.0013011828858525063", "-0.00426250042378825", "0.8121171527646389",], [ "-0.0013241579689408293", "0.9999845881430192", "-0.005391667840908714", "1.0480556653545092",], [ "0.004255419184824295", "0.005397258519935349", "0.9999763802250713", "0.0006312691175775381",], [ "0.0", "0.0", "0.0", "1.0",],]
frame_207 = [ [ "0.9999900689573108", "0.0013011828858524395", "-0.004262500423788771", "0.8121171527647396",], [ "-0.0013241579689405427", "0.99998458814302", "-0.005391667840911053", "1.0480556653549664",], [ "0.004255419184824714", "0.005397258519937775", "0.9999763802250717", "0.0006312691175804203",], [ "0.0", "0.0", "0.0", "1.0",],]
frame_208 = [ [ "0.9999900689573108", "0.0013011828858522795", "-0.004262500423788671", "0.8121171527647189",], [ "-0.0013241579689408903", "0.9999845881430199", "-0.0053916678409092955", "1.0480556653546236",], [ "0.004255419184824821", "0.005397258519935891", "0.9999763802250714", "0.0006312691176353757",], [ "0.0", "0.0", "0.0", "1.0",],]
frame_209 = [ [ "0.9999937983072092", "0.0005939944615171846", "-0.0034713855611321555", "0.6569087179361276",], [ "-0.0006169691227032729", "0.9999778907547968", "-0.006620978076401794", "1.2873151173033996",], [ "0.0034673759871143967", "0.006623078752840854", "0.9999720556753596", "0.004824102458249685",], [ "0.0", "0.0", "0.0", "1.0",],]
frame_210 = [ [ "0.9999917805579477", "0.0005189306844089225", "-0.004021135101349907", "0.7627348912635913",], [ "-0.0005452584047274571", "0.9999784063634599", "-0.00654900756348692", "1.2740460207502688",], [ "0.004017649789446974", "0.0065511462920158385", "0.9999704700502092", "0.004453922445687642",], [ "0.0", "0.0", "0.0", "1.0",],]
frame_211 = [ [ "0.9999923226292026", "0.0005325350712526968", "-0.003882150056924466", "0.7356867406054834",], [ "-0.0005588426816119287", "0.9999768687037126", "-0.006778624666891469", "1.3182381133896592",], [ "0.0038784504023954146", "0.006780742136031661", "0.999969489113827", "0.004882975545546399",], [ "0.0", "0.0", "0.0", "1.0",],]
frame_212 = [ [ "0.9999930512293358", "-0.0009779127431149314", "-0.003597385123256355", "0.6749234007371853",], [ "0.0009494161652782662", "0.9999682278242671", "-0.007914666824202402", "1.5437601617297496",], [ "0.003605010680053254", "0.007911196411416159", "0.9999622077205439", "0.008274245020446557",], [ "0.0", "0.0", "0.0", "1.0",],]
frame_213 = [ [ "0.9999930573324244", "-0.0009791348023521732", "-0.0035953556160211154", "0.6745235467904063",], [ "0.0009506675029118342", "0.9999682557406041", "-0.007910988711428575", "1.5430472857060755",], [ "0.003602987408492715", "0.007907515800325338", "0.999962244125052", "0.008241631005953248",], [ "0.0", "0.0", "0.0", "1.0",],]
frame_214 = [ [ "0.9999908305920066", "0.0007626533964914824", "-0.004213916434847689", "0.8003116312654037",], [ "-0.0007922875227604253", "0.9999749384229423", "-0.007035254545005429", "1.3679863982679064",], [ "0.004208445366686716", "0.007038528669306909", "0.9999663734855161", "0.006253157911126921",], [ "0.0", "0.0", "0.0", "1.0",],]
frame_215 = [ [ "0.9999908305920063", "0.0007626533964913358", "-0.004213916434848834", "0.8003116312656261",], [ "-0.0007922875227600712", "0.9999749384229422", "-0.00703525454500722", "1.3679863982682556",], [ "0.004208445366687753", "0.007038528669308773", "0.9999663734855161", "0.006253157911187144",], [ "0.0", "0.0", "0.0", "1.0",],]
frame_216 = [ [ "0.9999928081541398", "-0.0005145421096142195", "-0.0037575106691185166", "0.7071718502876417",], [ "0.00048336894744735947", "0.9999655004004012", "-0.008292428078469095", "1.6162854660455548",], [ "0.0037616478399464504", "0.008290552176634818", "0.9999585575163318", "0.009607477080992874",], [ "0.0", "0.0", "0.0", "1.0",],]
frame_217 = [ [ "0.9999934576862105", "-0.0006266583697153404", "-0.003562567062874508", "0.6691894679064282",], [ "0.0005987730175009827", "0.9999692205550054", "-0.007823005400044939", "1.5242148879687158",], [ "0.0035673597608521577", "0.007820821050466211", "0.9999630536687054", "0.007103537812661176",], [ "0.0", "0.0", "0.0", "1.0",],]
frame_218 = [ [ "0.9999938463585104", "-0.0007620259614957799", "-0.0034244067454400917", "0.641885159217422",], [ "0.0007358586594411034", "0.9999705731560938", "-0.0076361858219089526", "1.4880298558643248",], [ "0.0034301249478048963", "0.007633618952209887", "0.9999649804390873", "0.0071797886789493155",], [ "0.0", "0.0", "0.0", "1.0",],]
frame_219 = [ [ "0.9999939455863807", "-0.000571829852351281", "-0.0034324628499401225", "0.6440936615779352",], [ "0.0005465984702213543", "0.999972859186513", "-0.007347252579195169", "1.4315649829232742",], [ "0.0034365710684682847", "0.0073453319169543415", "0.9999671174985361", "0.0057994250978247106",], [ "0.0", "0.0", "0.0", "1.0",],]
frame_220 = [ [ "0.9999941145073461", "-0.0004695595601240789", "-0.00339859743170461", "0.637542517854288",], [ "0.00044453673924736736", "0.9999728181970094", "-0.0073597047642816275", "1.4339121284877725",], [ "0.003401960871435326", "0.007358150647381551", "0.999967141600808", "0.005699570898394315",], [ "0.0", "0.0", "0.0", "1.0",],]
frame_221 = [ [ "0.9999900264504074", "-0.001287114940216108", "-0.004276720105311235", "0.807094522228508",], [ "0.0012504139000689795", "0.9999624675971993", "-0.008573206051186997", "1.6703097080122349",], [ "0.004287594291328316", "0.00856777287563297", "0.9999541038483488", "0.011843817313571016",], [ "0.0", "0.0", "0.0", "1.0",],]
frame_222 = [ [ "0.9999905343013255", "-0.0013894534633809455", "-0.004123193766647392", "0.7765319478170408",], [ "0.0013587906775638916", "0.9999714727603144", "-0.0074301651032282244", "1.4490845988595114",], [ "0.004133400011951369", "0.007424492214279776", "0.999963895308081", "0.006672273765746937",], [ "0.0", "0.0", "0.0", "1.0",],]
frame_223 = [ [ "0.9999945723479663", "-0.0005733670107367885", "-0.003244460647742835", "0.6068573955259497",], [ "0.0005531876783896044", "0.9999805205788594", "-0.006217109153188698", "1.2127705937006357",], [ "0.003247962132822762", "0.006215280613238241", "0.999975410212118", "0.000824881899462656",], [ "0.0", "0.0", "0.0", "1.0",],]
frame_224 = [ [ "0.9999932390618019", "-0.001225691342435794", "-0.0034669167044036222", "0.6480233462199414",], [ "0.0012023248856853999", "0.9999766041531962", "-0.0067339112787510695", "1.3140213113280108",], [ "0.00347508928971109", "0.006729697390970531", "0.9999713170523772", "0.0034505840446584796",], [ "0.0", "0.0", "0.0", "1.0",],]
frame_225 = [ [ "0.9999932390618018", "-0.0012256913424358157", "-0.003466916704402497", "0.6480233462197228",], [ "0.001202324885685488", "0.9999766041531964", "-0.006733911278751274", "1.314021311328052",], [ "0.0034750892897099732", "0.0067296973909708995", "0.9999713170523774", "0.0034505840446298155",], [ "0.0", "0.0", "0.0", "1.0",],]
frame_226 = [ [ "0.9999932390618018", "-0.0012256913424361243", "-0.003466916704400003", "0.6480233462192379",], [ "0.0012023248856856364", "0.9999766041531962", "-0.006733911278752478", "1.3140213113282864",], [ "0.0034750892897075698", "0.006729697390972104", "0.9999713170523776", "0.003450584044572991",], [ "0.0", "0.0", "0.0", "1.0",],]
frame_227 = [ [ "0.9999954485003197", "-0.0010463617651243228", "-0.0028298596637527373", "0.5238279296142497",], [ "0.0010274922885193016", "0.9999772857854639", "-0.006661244082990781", "1.2990290181470354",], [ "0.0028367654568344715", "0.006658306105366281", "0.9999738095178106", "0.00029897496804866106",], [ "0.0", "0.0", "0.0", "1.0",],]
frame_228 = [ [ "0.9999928152192173", "-0.0011630678254387202", "-0.0036078779351655164", "0.6746780664063231",], [ "0.0011403782468896683", "0.9999796015014673", "-0.006284593735439529", "1.226118434843111",], [ "0.0036151137486473855", "0.006280434236504704", "0.9999737432044896", "-0.0005325332016989679",], [ "0.0", "0.0", "0.0", "1.0",],]
frame_229 = [ [ "0.9999925892982956", "-0.0015316012525406052", "-0.0035320739110081423", "0.6595783251472551",], [ "0.001510441105870723", "0.9999809444276405", "-0.005985762212851552", "1.1693627221599439",], [ "0.003541174406225994", "0.005980382864537917", "0.9999758472606389", "-0.0014963637923521773",], [ "0.0", "0.0", "0.0", "1.0",],]
frame_230 = [ [ "0.9999926014236249", "-0.0015408493672795867", "-0.003524610795329792", "0.6582015664638996",], [ "0.0015197315211525131", "0.9999809265835413", "-0.005986391669871852", "1.1696129741101413",], [ "0.003533767696782379", "0.005980990916979337", "0.999975869825633", "-0.0015953588326405642",], [ "0.0", "0.0", "0.0", "1.0",],]
frame_231 = [ [ "0.9999926014236253", "-0.0015408493672796327", "-0.0035246107953281966", "0.6582015664635886",], [ "0.0015197315211522068", "0.9999809265835407", "-0.0059863916698719745", "1.169612974110162",], [ "0.003533767696780917", "0.005980990916979659", "0.9999758698256325", "-0.0015953588326127254",], [ "0.0", "0.0", "0.0", "1.0",],]
frame_232 = [ [ "0.9999931580166206", "-0.0019305524790332227", "-0.0031554535477689304", "0.5847155541506199",], [ "0.0019100722410850194", "0.9999771764381696", "-0.006480603889973082", "1.2664500055550083",], [ "0.0031678926749906583", "0.006474532405568406", "0.999974022105646", "-0.00024394006265671673",], [ "0.0", "0.0", "0.0", "1.0",],]
frame_233 = [ [ "0.9999914628869402", "-0.0035120152079297965", "-0.002177131699653713", "0.3890949347184328",], [ "0.0034998760391771037", "0.9999784477476648", "-0.005554719424043161", "1.0873556457946816",], [ "0.0021965930366605805", "0.00554705231171464", "0.9999822024364717", "-0.0056547601694480415",], [ "0.0", "0.0", "0.0", "1.0",],]
frame_234 = [ [ "0.999994821414061", "-0.0028072599451661536", "-0.0015736698138201412", "0.2737335009798404",], [ "0.002799222195721109", "0.9999831443214944", "-0.005086789556785827", "0.9956800341194054",], [ "0.0015879232291256644", "0.005082358162947004", "0.9999858239671886", "-0.008468752756295519",], [ "0.0", "0.0", "0.0", "1.0",],]
frame_235 = [ [ "0.9999956255211054", "-0.002429454775075277", "-0.0016872131380260005", "0.2971325189913491",], [ "0.002421001444631287", "0.9999845975842443", "-0.004994331414974835", "0.9772528454284098",], [ "0.0016993206531781331", "0.004990224821942852", "0.9999861048862434", "-0.008666507888142879",], [ "0.0", "0.0", "0.0", "1.0",],]
frame_236 = [ [ "0.9999956255211057", "-0.002429454775075542", "-0.0016872131380269457", "0.2971325189915314",], [ "0.002421001444630926", "0.9999845975842442", "-0.0049943314149737215", "0.9772528454281934",], [ "0.0016993206531790643", "0.004990224821942021", "0.9999861048862437", "-0.008666507888427634",], [ "0.0", "0.0", "0.0", "1.0",],]
frame_237 = [ [ "0.9999971222259244", "-0.0019263606692747493", "-0.001429921140028145", "0.2480854935344532",], [ "0.0019201217385164946", "0.9999886876218649", "-0.004351753762686205", "0.851956537871184",], [ "0.0014382880115163508", "0.0043489956166675135", "0.9999895087273368", "-0.011127357783732427",], [ "0.0", "0.0", "0.0", "1.0",],]
frame_238 = [ [ "0.9999973242816401", "-0.001827556159878478", "-0.0014182623410409249", "0.2459520397879283",], [ "0.0018214114880118547", "0.9999890021915753", "-0.004321800098486539", "0.8461954245028439",], [ "0.001426145075661177", "0.00431920529525637", "0.9999896552344225", "-0.011205428010522765",], [ "0.0", "0.0", "0.0", "1.0",],]
frame_239 = [ [ "0.9999965916832114", "-0.0022600800774200134", "-0.0013071572324016045", "0.22298068488918726",], [ "0.00225428070863465", "0.9999876854722156", "-0.004421212775948245", "0.8659022890962349",], [ "0.0013171334302966395", "0.00441825100773327", "0.9999893720523128", "-0.011043747090809655",], [ "0.0", "0.0", "0.0", "1.0",],]
frame_240 = [ [ "0.999996591683211", "-0.0022600800774202645", "-0.0013071572324013542", "0.22298068488913741",], [ "0.0022542807086349537", "0.9999876854722158", "-0.004421212775949535", "0.8659022890964875",], [ "0.001317133430296385", "0.004418251007734665", "0.9999893720523129", "-0.011043747090808506",], [ "0.0", "0.0", "0.0", "1.0",],]
frame_241 = [ [ "0.9999969952448937", "-0.0019972509525288365", "-0.0014214393554285313", "0.24570777926230283",], [ "0.0019908330408514355", "0.9999878830349865", "-0.004502262432629332", "0.881461543988116",], [ "0.0014304142798358434", "0.004499419056010126", "0.9999888545094718", "-0.010660295537921126",], [ "0.0", "0.0", "0.0", "1.0",],]
frame_242 = [ [ "0.9999969952448935", "-0.0019972509525288855", "-0.001421439355429081", "0.24570777926241041",], [ "0.0019908330408516125", "0.9999878830349868", "-0.004502262432631138", "0.8814615439884658",], [ "0.001430414279836355", "0.004499419056011597", "0.9999888545094712", "-0.010660295537720741",], [ "0.0", "0.0", "0.0", "1.0",],]
frame_243 = [ [ "0.9999978939978991", "-0.0015197376233320634", "-0.00137927421035184", "0.23894934209290652",], [ "0.001513221097407692", "0.9999877468672548", "-0.0047134146076937625", "0.921015175532291",], [ "0.0013864204634417483", "0.004711317534409441", "0.9999879405899881", "-0.010878331704328203",], [ "0.0", "0.0", "0.0", "1.0",],]
frame_244 = [ [ "0.9999926437671168", "-0.002462170297854833", "-0.0029411101818674415", "0.5408058803349437",], [ "0.0024433970779382578", "0.9999767282997881", "-0.006369667932763212", "1.243789620284099",], [ "0.0029567249444305125", "0.00636243477598929", "0.9999753882978026", "-0.001741480806014677",], [ "0.0", "0.0", "0.0", "1.0",],]
frame_245 = [ [ "0.9999921474413475", "-0.002580227568135641", "-0.0030079031506594057", "0.5536806810854675",], [ "0.0025609118966971106", "0.9999761899834879", "-0.006407901089057395", "1.2515158968401205",], [ "0.0030243653754858687", "0.00640014779568643", "0.9999749453472748", "-0.0015953816336647464",], [ "0.0", "0.0", "0.0", "1.0",],]
frame_246 = [ [ "0.9999923192494133", "-0.0030409141508867836", "-0.002472707692197552", "0.4487877328312543",], [ "0.0030261455957716478", "0.9999776923963516", "-0.005954590876191785", "1.1637542214442154",], [ "0.0024907599316788195", "0.005947062366983091", "0.9999792140660638", "-0.003991740600258641",], [ "0.0", "0.0", "0.0", "1.0",],]
frame_247 = [ [ "0.9999952504091678", "-0.001662253799766941", "-0.0025953942733899847", "0.47686501337731874",], [ "0.0016473799943224155", "0.9999822693799578", "-0.005722505121465032", "1.1142020494380867",], [ "0.0026048605113287364", "0.005718202341315241", "0.9999802582369907", "-0.0037006074138396816",], [ "0.0", "0.0", "0.0", "1.0",],]
frame_248 = [ [ "0.9999917026426882", "-0.002780956484539529", "-0.0029767308967928196", "0.5483074361000579",], [ "0.0027654086787094745", "0.9999825803468441", "-0.005214548658068542", "1.0186633364424615",], [ "0.0029911804760838637", "0.0052062735136506255", "0.9999819736152634", "-0.0037476159884187094",], [ "0.0", "0.0", "0.0", "1.0",],]
frame_249 = [ [ "0.9999937037384493", "-0.0023858927427877065", "-0.002626784974286889", "0.48120532471898875",], [ "0.0023744359539656264", "0.9999876934151717", "-0.004356038579363642", "0.8520681867632619",], [ "0.0026371456883745948", "0.004349774019930879", "0.9999870623806149", "-0.008589155024775608",], [ "0.0", "0.0", "0.0", "1.0",],]
frame_250 = [ [ "0.9999974734324053", "-0.0011225896699578073", "-0.00194754236454026", "0.3537103211871811",], [ "0.0011140608107429732", "0.9999898096616703", "-0.004374864721018214", "0.8528416959168532",], [ "0.0019524336963740536", "0.0043726839870132685", "0.9999885337529777", "-0.012211060313107754",], [ "0.0", "0.0", "0.0", "1.0",],]
frame_251 = [ [ "0.999998418150002", "-0.0005192985236603191", "-0.0017011838703083427", "0.30694344621011665",], [ "0.0005113840938608653", "0.9999890605220456", "-0.004649443251247022", "0.905028872423834",], [ "0.0017035797092671318", "0.004648565938165378", "0.9999877442503546", "-0.012084616799023996",], [ "0.0", "0.0", "0.0", "1.0",],]
frame_252 = [ [ "0.9999964071149627", "0.0004536117284424919", "-0.0026419677493539242", "0.49239616881944814",], [ "-0.00046978342658978627", "0.9999811397445627", "-0.006123680159714113", "1.1900797201947764",], [ "0.002639140148031913", "0.00612489931071007", "0.9999777600265582", "-0.003440750470246613",], [ "0.0", "0.0", "0.0", "1.0",],]
frame_253 = [ [ "0.9999981249280444", "0.0019363696132205432", "-2.4761664717388766e-05", "-0.014722136485874398",], [ "-0.0019364722823232254", "0.9999845737518998", "-0.0052059901393735645", "1.0103596174368",], [ "1.468056163161066e-05", "0.0052060283280571246", "0.9999864484349515", "-0.014297087816034289",], [ "0.0", "0.0", "0.0", "1.0",],]
frame_254 = [ [ "0.9999980924507617", "0.0019370573676007175", "-0.00025080593636441894", "0.02953851848380374",], [ "-0.0019383568314621032", "0.9999841348051514", "-0.005288942312793193", "1.0264592530609824",], [ "0.0002405569726118885", "0.00528941837528804", "0.9999859819945558", "-0.013598887149832262",], [ "0.0", "0.0", "0.0", "1.0",],]
frame_255 = [ [ "0.9999985640487056", "0.001694617158832739", "1.3161958502401621e-05", "-0.021889617326966072",], [ "-0.001694526505470781", "0.9999852095121005", "-0.005168107677267506", "1.0036831353575366",], [ "-2.19197277729251e-05", "0.005168077952841686", "0.9999866451557348", "-0.014507175498352667",], [ "0.0", "0.0", "0.0", "1.0",],]
frame_256 = [ [ "0.9999979571784491", "0.001962471366669407", "-0.00048409202549673535", "0.07584036958511467",], [ "-0.00196498828081769", "0.9999842630803644", "-0.005254751438140465", "1.0202069908126261",], [ "0.000473772108149681", "0.005255691938791186", "0.9999860765241968", "-0.013622977177392508",], [ "0.0", "0.0", "0.0", "1.0",],]
frame_257 = [ [ "0.9999982283818357", "0.001806749853637984", "-0.0005280986476053854", "0.08346268209883018",], [ "-0.0018093026337772638", "0.9999864848089459", "-0.004874076674331338", "0.9467685695494364",], [ "0.0005192852729399726", "0.004875023529615823", "0.9999879821719927", "-0.015269928153625802",], [ "0.0", "0.0", "0.0", "1.0",],]
frame_258 = [ [ "0.9999964854381171", "0.0017772045785673495", "-0.001967398110681848", "0.36274673308935146",], [ "-0.0017866335423220416", "0.9999868777976012", "-0.004801267873327603", "0.9325103856387922",], [ "0.0019588394588451394", "0.004804766018443771", "0.9999865384951472", "-0.01009729944813171",], [ "0.0", "0.0", "0.0", "1.0",],]
frame_259 = [ [ "0.9999970905022082", "0.0014409730849922434", "-0.0019345758484727953", "0.3550101994693171",], [ "-0.0014504942193094112", "0.9999867993772308", "-0.004929212696017914", "0.958480646557204",], [ "0.0019274474480485218", "0.004932004445583283", "0.9999859800409748", "-0.010445588989627438",], [ "0.0", "0.0", "0.0", "1.0",],]
frame_260 = [ [ "0.9999937303788128", "0.0025632166190897084", "-0.0024431790062044924", "0.4543737711319149",], [ "-0.0025725159509635298", "0.9999894301929015", "-0.0038107301348907258", "0.7400801848112267",], [ "0.0024333854554676885", "0.0038169913600340872", "0.9999897545536192", "-0.012897179409292484",], [ "0.0", "0.0", "0.0", "1.0",],]
frame_261 = [ [ "0.9999934904069492", "0.002567983895476832", "-0.002534679953779617", "0.4712537464178973",], [ "-0.002578056934168497", "0.999988761114174", "-0.0039788525718105604", "0.7724977324662884",], [ "0.0025244338374809387", "0.0039853612203435", "0.9999888720029688", "-0.01143238442359446",], [ "0.0", "0.0", "0.0", "1.0",],]
frame_262 = [ [ "0.9999944316615482", "0.0022641462161197366", "-0.0024515888397249348", "0.45518123776380437",], [ "-0.002274750517723415", "0.9999880323123187", "-0.0043313672464611085", "0.8409086420870785",], [ "0.0024417526511204112", "0.0043369198809382215", "0.999987614408281", "-0.01052968777867729",], [ "0.0", "0.0", "0.0", "1.0",],]
frame_263 = [ [ "0.9999971011918761", "0.0021676206496083596", "-0.0010483456465704066", "0.18333268046876688",], [ "-0.002172040891862159", "0.9999886785207178", "-0.004233800746154777", "0.8218627831696259",], [ "0.0010391565038299587", "0.004236065522805755", "0.999990487906098", "-0.014006233626729793",], [ "0.0", "0.0", "0.0", "1.0",],]
frame_264 = [ [ "0.9999956388569069", "0.0024583668630972985", "-0.0016366733224229605", "0.2979008457567941",], [ "-0.002465688395063064", "0.9999868956008577", "-0.0044865362255939", "0.870332801668432",], [ "0.0016256223228223179", "0.004490552185598852", "0.999988596081556", "-0.011680172781513556",], [ "0.0", "0.0", "0.0", "1.0",],]
frame_265 = [ [ "0.9999937906192867", "0.0029588468592823412", "-0.001914144238545668", "0.3543500023768056",], [ "-0.002963819751261578", "0.9999922268876162", "-0.002600372441577361", "0.5028689740528812",], [ "0.0019064352558627706", "0.002606029473389812", "0.9999947870439267", "-0.018181096165992536",], [ "0.0", "0.0", "0.0", "1.0",],]
frame_266 = [ [ "0.9999890262282878", "0.00187759898262541", "-0.004292090993269408", "0.8167277239258578",], [ "-0.0018919840278586607", "0.999992599175301", "-0.003349924039291906", "0.6491570612923456",], [ "0.00428576941429545", "0.003358007845610374", "0.9999851778720852", "-0.011987775887779375",], [ "0.0", "0.0", "0.0", "1.0",],]
frame_267 = [ [ "0.9999890428275915", "0.0018692589527093723", "-0.004291863902658235", "0.816661535048216",], [ "-0.001883656167432418", "0.9999926047604445", "-0.00335294853369359", "0.6497496639445657",], [ "0.004285564634239199", "0.003360996190783603", "0.9999851687102173", "-0.011976755034398982",], [ "0.0", "0.0", "0.0", "1.0",],]
frame_268 = [ [ "0.9999894906697304", "0.0018571420699318158", "-0.004191607502872549", "0.7968956465965854",], [ "-0.0018716081083367511", "0.9999922975683381", "-0.003449911171623507", "0.6687773862965513",], [ "0.004185168242134954", "0.0034577199619720625", "0.9999852641611676", "-0.011818551927287648",], [ "0.0", "0.0", "0.0", "1.0",],]
frame_269 = [ [ "0.9999885583349702", "0.0015992895980747803", "-0.004508377974647561", "0.857943790872496",], [ "-0.0016196625531482473", "0.999988478110737", "-0.004518886919734599", "0.8760912585138056",], [ "0.004501099020777253", "0.004526137267140232", "0.9999796268870053", "-0.007658399575447423",], [ "0.0", "0.0", "0.0", "1.0",],]
frame_270 = [ [ "0.999996733857563", "0.0010576728052675286", "-0.00232671495352584", "0.4314610648692359",], [ "-0.0010684667785939438", "0.9999886512999828", "-0.004642806262679607", "0.9008305304044403",], [ "0.002321777978418501", "0.004645277116259241", "0.9999865152828629", "-0.010903167601098442",], [ "0.0", "0.0", "0.0", "1.0",],]
frame_271 = [ [ "0.9999966316454776", "0.0003245213332615767", "-0.0025751473039617194", "0.47710023261799006",], [ "-0.00033879061752453644", "0.9999845819934311", "-0.005542652465104609", "1.077391061986893",], [ "0.0025733088913628384", "0.005543506231246543", "0.9999813236356199", "-0.004282850119147758",], [ "0.0", "0.0", "0.0", "1.0",],]
frame_272 = [ [ "0.9999954185519204", "0.00026794589908091016", "-0.0030151418205305964", "0.5616508301054884",], [ "-0.0002850575715227388", "0.999983849342691", "-0.00567624840571454", "1.1036970818357987",], [ "0.003013572196532821", "0.0056770818892976456", "0.9999793443486078", "-0.0035770168524836736",], [ "0.0", "0.0", "0.0", "1.0",],]
frame_273 = [ [ "0.9999962912868391", "-0.0007043415779015142", "-0.0026308393231596412", "0.48485023232339286",], [ "0.0006910522095242127", "0.9999870155564952", "-0.005048877624319376", "0.9821477102437538",], [ "0.0026343612976147505", "0.0050470408521684496", "0.9999837936282883", "-0.006783063863822889",], [ "0.0", "0.0", "0.0", "1.0",],]
frame_274 = [ [ "0.9999991307120559", "-0.0001367741402776186", "-0.0013114373809557593", "0.23145608139698665",], [ "0.000131857013186603", "0.9999929646372044", "-0.0037487717762562513", "0.7281772877675691",], [ "0.0013119408895622172", "0.0037485955952935883", "0.9999921133899998", "-0.019031945051453118",], [ "0.0", "0.0", "0.0", "1.0",],]
frame_275 = [ [ "0.9999980592681394", "-0.0013368137930743324", "-0.0014472003580913934", "0.2541739569619331",], [ "0.0013323406036873987", "0.9999943461204586", "-0.003087490184664586", "0.6019622560752745",], [ "0.0014513195752673632", "0.0030855560288906483", "0.9999941864908599", "-0.020036668820869533",], [ "0.0", "0.0", "0.0", "1.0",],]
frame_276 = [ [ "0.9999925370540826", "-0.0019474718138539492", "-0.003336643480114329", "0.6208738190153181",], [ "0.00193102233085361", "0.9999860022560202", "-0.004926098333153651", "0.9593464011040661",], [ "0.0033461902122969753", "0.004919618436894038", "0.9999823000261229", "-0.008623888672139665",], [ "0.0", "0.0", "0.0", "1.0",],]
frame_277 = [ [ "0.999988506641353", "-0.0020891237814535074", "-0.004315338580316724", "0.8094717097924128",], [ "0.0020667034132761343", "0.9999843782962268", "-0.005193447844818619", "1.0120001239281136",], [ "0.004326120922783998", "0.005184469629703027", "0.9999772027163705", "-0.004551792843633638",], [ "0.0", "0.0", "0.0", "1.0",],]
frame_278 = [ [ "0.9999912244373101", "-0.001776630337146718", "-0.0037940259692794227", "0.7093646990942617",], [ "0.001755314794887278", "0.9999826999756081", "-0.005614144589546986", "1.0922866693008184",], [ "0.0038039345921402415", "0.005607435612369455", "0.9999770431102462", "-0.005516668395271797",], [ "0.0", "0.0", "0.0", "1.0",],]
frame_279 = [ [ "0.9999909111482265", "-0.002399895280266176", "-0.0035239358144404766", "0.6557475110057958",], [ "0.002382458223744249", "0.9999849399435994", "-0.004944065009327595", "0.9642570420611437",], [ "0.0035357479820573583", "0.004935624443609081", "0.999981568878946", "-0.007527443208780594",], [ "0.0", "0.0", "0.0", "1.0",],]
frame_280 = [ [ "0.9999923452344286", "-0.0006862042691238891", "-0.003852089860041774", "0.7225733411358277",], [ "0.0006604376959937958", "0.9999774285060261", "-0.0066862770307653", "1.2978158728027855",], [ "0.0038565910644695156", "0.006683681783546621", "0.9999702271083956", "-0.0018775618972933224",], [ "0.0", "0.0", "0.0", "1.0",],]
frame_281 = [ [ "0.9999957746883783", "-0.0006179136378624605", "-0.0028405612418553987", "0.5276108676973977",], [ "0.0006017196818721104", "0.9999835835519103", "-0.005698294491318529", "1.10574543791142",], [ "0.0028440356638161674", "0.0056965611926587485", "0.9999797301204452", "-0.00829872742246452",], [ "0.0", "0.0", "0.0", "1.0",],]
frame_282 = [ [ "0.9999972047791371", "-0.0002571805627240506", "-0.002350381270011498", "0.43317732812263854",], [ "0.0002450706344924775", "0.9999867026495836", "-0.005151161461758771", "0.998993094540454",], [ "0.002351674794779648", "0.005150571053712428", "0.9999839704932868", "-0.011487150684932872",], [ "0.0", "0.0", "0.0", "1.0",],]
frame_283 = [ [ "0.999997216864257", "-0.0010820281612757483", "-0.0020965397306745843", "0.3805653886776368",], [ "0.0010707720907482275", "0.9999850479539576", "-0.005362584792745943", "1.0423216772573949",], [ "0.0021023108508869746", "0.0053603249517305785", "0.999983423465378", "-0.011198844295082108",], [ "0.0", "0.0", "0.0", "1.0",],]
frame_284 = [ [ "0.9999969765300256", "-0.0014327824075158553", "-0.0019985158053023697", "0.360236079052482",], [ "0.0014231920461549123", "0.9999875058514309", "-0.004791937545718277", "0.9328311909380936",], [ "0.0020053566393704145", "0.004789078785657715", "0.9999865215437522", "-0.013748095989473061",], [ "0.0", "0.0", "0.0", "1.0",],]
frame_285 = [ [ "0.9999965623220605", "-0.0014870879589371413", "-0.0021596095731031217", "0.3912873523609613",], [ "0.0014751428753045131", "0.9999836643278525", "-0.005522230613208802", "1.0745175941380127",], [ "0.00216778633708852", "0.005519025896900026", "0.9999824203732717", "-0.010342283719561673",], [ "0.0", "0.0", "0.0", "1.0",],]
frame_286 = [ [ "0.9999966147763454", "-0.001458483835810617", "-0.002154822683014455", "0.39045167530416086",], [ "0.0014464128678327633", "0.9999833140067699", "-0.005592816630425113", "1.0881347728802921",], [ "0.0021629437603177893", "0.005589680934249938", "0.9999820384093824", "-0.01014073931472648",], [ "0.0", "0.0", "0.0", "1.0",],]
frame_287 = [ [ "0.9999973932713665", "-0.0011481925416054507", "-0.001973601886571691", "0.3563837302966168",], [ "0.0011389494936774375", "0.9999884090172665", "-0.004678100594874727", "0.9096206178093369",], [ "0.0019789503708063844", "0.004675840567483596", "0.999987110052154", "-0.014170512703313142",], [ "0.0", "0.0", "0.0", "1.0",],]
frame_288 = [ [ "0.9999984142406511", "-0.0011102523752148164", "-0.001392428056899181", "0.2430379660098075",], [ "0.0011036229419536922", "0.9999880962636266", "-0.004752825208014098", "0.9243881619719563",], [ "0.0013976883172870831", "0.004751280955645983", "0.9999877358231399", "-0.015756169809970227",], [ "0.0", "0.0", "0.0", "1.0",],]
frame_289 = [ [ "0.9999986448828354", "-0.0012045185752978626", "-0.0011222154617484062", "0.19057505533125382",], [ "0.001198356844092956", "0.9999842925439774", "-0.005475272249282098", "1.0647367998917",], [ "0.0011287929017356573", "0.005473920015085177", "0.99998438089117", "-0.013007716125674824",], [ "0.0", "0.0", "0.0", "1.0",],]
frame_290 = [ [ "0.9999996386799523", "-0.0007421306407482377", "-0.0004145866930255864", "0.055821761181769604",], [ "0.0007399474535674497", "0.9999859894704739", "-0.005241501743812958", "1.0202076204545085",], [ "0.0004184707635024531", "0.0052411930776037115", "0.9999861772931601", "-0.012100396944629364",], [ "0.0", "0.0", "0.0", "1.0",],]
frame_291 = [ [ "0.9999934515348046", "-0.0022703491010634563", "-0.002818226839217648", "0.5178592888069679",], [ "0.0022587231729370074", "0.9999889551721608", "-0.004121614165112381", "0.8076317299682583",], [ "0.002827553215410369", "0.0041152215806152335", "0.9999875348694108", "-0.008377667595543918",], [ "0.0", "0.0", "0.0", "1.0",],]
frame_292 = [ [ "0.9999920133461447", "-0.0024591216533001955", "-0.0031505498992828456", "0.5764123977525603",], [ "0.002450086000582331", "0.9999928840316391", "-0.002868617207576456", "0.565793683720837",], [ "0.0031575817587678923", "0.002860875178739859", "0.9999909224941468", "-0.013251205768429744",], [ "0.0", "0.0", "0.0", "1.0",],]
frame_293 = [ [ "0.9999924230758743", "-0.0018308727878753853", "-0.0034353596210629548", "0.6323644676494211",], [ "0.0018259749916637218", "0.9999973128887869", "-0.0014282963788378148", "0.2852728518700627",], [ "0.003437965418851095", "0.0014220126760080315", "0.9999930791129391", "-0.016669816349391745",], [ "0.0", "0.0", "0.0", "1.0",],]
