frame_24 = [ [ "1.0", "0.0", "0.0", "0.0",], [ "0.0", "1.0", "0.0", "0.0",], [ "0.0", "0.0", "1.0", "0.0",], [ "0.0", "0.0", "0.0", "1.0",],]
frame_31 = [ [ "0.9998576142651912", "0.012697474338765467", "-0.01111419548764522", "2.1921481215136573",], [ "-0.012785929342739194", "0.9998868571385608", "-0.0079241991654342", "1.5458608186999143",], [ "0.011012320680207171", "0.008065176190720294", "0.999906836523408", "0.008365265475001145",], [ "0.0", "0.0", "0.0", "1.0",],]
frame_32 = [ [ "0.9998664019843879", "0.01250042759678984", "-0.010531737401481224", "2.078254923437853",], [ "-0.012582177443741321", "0.9998909460177914", "-0.00773206844380459", "1.5083129886734645",], [ "0.010433934711823054", "0.00786354764358075", "0.99991464516972", "0.007365774445591936",], [ "0.0", "0.0", "0.0", "1.0",],]
frame_33 = [ [ "0.9998664019843881", "0.012500427596789519", "-0.010531737401482237", "2.0782549234380503",], [ "-0.012582177443741484", "0.999890946017792", "-0.007732068443804988", "1.5083129886735442",], [ "0.010433934711824197", "0.007863547643581423", "0.99991464516972", "0.007365774445538479",], [ "0.0", "0.0", "0.0", "1.0",],]
frame_34 = [ [ "0.9998664019843884", "0.012500427596788995", "-0.010531737401482015", "2.078254923438005",], [ "-0.012582177443741642", "0.9998909460177929", "-0.00773206844380508", "1.5083129886735644",], [ "0.01043393471182385", "0.007863547643581511", "0.99991464516972", "0.007365774445509478",], [ "0.0", "0.0", "0.0", "1.0",],]
frame_35 = [ [ "0.9998664019843884", "0.0125004275967883", "-0.010531737401482388", "2.0782549234380756",], [ "-0.012582177443742182", "0.9998909460177929", "-0.00773206844380484", "1.5083129886735176",], [ "0.01043393471182421", "0.00786354764358133", "0.9999146451697196", "0.007365774445652056",], [ "0.0", "0.0", "0.0", "1.0",],]
frame_36 = [ [ "0.9998664019843879", "0.012500427596788155", "-0.010531737401481752", "2.078254923437952",], [ "-0.012582177443742355", "0.9998909460177932", "-0.0077320684438034375", "1.5083129886732456",], [ "0.010433934711823524", "0.00786354764357989", "0.9999146451697193", "0.007365774445705285",], [ "0.0", "0.0", "0.0", "1.0",],]
frame_37 = [ [ "0.9998998976622459", "0.009205934201449063", "-0.010744553527711432", "2.1138892097628017",], [ "-0.009278095927061601", "0.999934606969837", "-0.006685710137972464", "1.2979629032016629",], [ "0.010682302701178937", "0.006784729881082354", "0.9999199247186952", "0.0023973689490201836",], [ "0.0", "0.0", "0.0", "1.0",],]
frame_38 = [ [ "0.9998998976622463", "0.009205934201448902", "-0.010744553527713915", "2.113889209763283",], [ "-0.009278095927062037", "0.9999346069698377", "-0.006685710137969198", "1.2979629032010291",], [ "0.010682302701181942", "0.0067847298810794565", "0.9999199247186958", "0.0023973689488805535",], [ "0.0", "0.0", "0.0", "1.0",],]
frame_39 = [ [ "0.999899897662247", "0.009205934201447994", "-0.010744553527711136", "2.11388920976274",], [ "-0.009278095927061929", "0.9999346069698382", "-0.006685710137970418", "1.2979629032012676",], [ "0.010682302701179511", "0.006784729881080768", "0.999919924718697", "0.002397368948706612",], [ "0.0", "0.0", "0.0", "1.0",],]
frame_40 = [ [ "0.9998998976622474", "0.009205934201447207", "-0.010744553527707125", "2.1138892097619584",], [ "-0.009278095927062045", "0.9999346069698383", "-0.006685710137973654", "1.2979629032018964",], [ "0.01068230270117591", "0.006784729881084096", "0.9999199247186976", "0.0023973689485328764",], [ "0.0", "0.0", "0.0", "1.0",],]
frame_41 = [ [ "0.9998998976622474", "0.009205934201447386", "-0.010744553527710123", "2.1138892097625406",], [ "-0.009278095927062885", "0.9999346069698385", "-0.006685710137972907", "1.2979629032017528",], [ "0.010682302701179295", "0.0067847298810838515", "0.9999199247186985", "0.002397368948425955",], [ "0.0", "0.0", "0.0", "1.0",],]
frame_42 = [ [ "0.9998576582829198", "0.01401114697959812", "-0.009399517717106003", "1.8661207387107415",], [ "-0.01411336753160772", "0.99984100668474", "-0.010898358067555942", "2.1161539211612492",], [ "0.009245324759903247", "0.011029465624717752", "0.9998964320659036", "0.017588228319057132",], [ "0.0", "0.0", "0.0", "1.0",],]
frame_43 = [ [ "0.9998303577950601", "0.010837557937581295", "-0.014893051042482027", "2.9310068538474905",], [ "-0.010957636468602476", "0.9999079215564529", "-0.00800491172229529", "1.5520766230945744",], [ "0.014804926018948538", "0.008166746390652934", "0.9998570489919902", "0.01355583043326229",], [ "0.0", "0.0", "0.0", "1.0",],]
frame_44 = [ [ "0.9998353378810155", "0.010331350427684028", "-0.014918455774592993", "2.9346351719396826",], [ "-0.010424859080635306", "0.9999264143844107", "-0.006203880196386661", "1.2012815602465543",], [ "0.014853263530522466", "0.006358381451479019", "0.9998694672545098", "0.00814034346214662",], [ "0.0", "0.0", "0.0", "1.0",],]
frame_45 = [ [ "0.9998353378810158", "0.010331350427684028", "-0.014918455774589204", "2.934635171938945",], [ "-0.010424859080635361", "0.9999264143844105", "-0.006203880196383147", "1.2012815602458704",], [ "0.014853263530518846", "0.006358381451475936", "0.9998694672545101", "0.008140343462132233",], [ "0.0", "0.0", "0.0", "1.0",],]
frame_46 = [ [ "0.9998353378810164", "0.010331350427683256", "-0.014918455774586078", "2.9346351719383352",], [ "-0.010424859080634756", "0.9999264143844112", "-0.006203880196386117", "1.201281560246448",], [ "0.014853263530515986", "0.006358381451478916", "0.9998694672545108", "0.008140343461900143",], [ "0.0", "0.0", "0.0", "1.0",],]
frame_47 = [ [ "0.9998303577950599", "0.01083755793758172", "-0.014893051042485023", "2.931006853848074",], [ "-0.010957636468602809", "0.9999079215564529", "-0.008004911722292422", "1.552076623094015",], [ "0.01480492601895107", "0.008166746390649614", "0.9998570489919892", "0.013555830433544908",], [ "0.0", "0.0", "0.0", "1.0",],]
frame_48 = [ [ "0.9998303577950596", "0.010837557937582135", "-0.014893051042487572", "2.93100685384857",], [ "-0.010957636468602849", "0.9999079215564538", "-0.008004911722289986", "1.5520766230935423",], [ "0.01480492601895346", "0.008166746390646538", "0.9998570489919887", "0.013555830433660711",], [ "0.0", "0.0", "0.0", "1.0",],]
frame_49 = [ [ "0.9998303577950592", "0.0108375579375813", "-0.014893051042485717", "2.9310068538482086",], [ "-0.010957636468602304", "0.9999079215564537", "-0.008004911722292866", "1.552076623094103",], [ "0.014804926018951215", "0.008166746390649165", "0.999857048991988", "0.013555830433800469",], [ "0.0", "0.0", "0.0", "1.0",],]
frame_50 = [ [ "0.9998303577950592", "0.010837557937581016", "-0.01489305104248611", "2.931006853848284",], [ "-0.010957636468601819", "0.9999079215564537", "-0.008004911722291144", "1.552076623093769",], [ "0.014804926018951517", "0.00816674639064705", "0.9998570489919878", "0.013555830433798008",], [ "0.0", "0.0", "0.0", "1.0",],]
frame_51 = [ [ "0.9998303577950591", "0.010837557937581725", "-0.014893051042486758", "2.9310068538484115",], [ "-0.010957636468602051", "0.9999079215564534", "-0.00800491172229292", "1.5520766230941125",], [ "0.01480492601895175", "0.008166746390648476", "0.9998570489919876", "0.013555830433886213",], [ "0.0", "0.0", "0.0", "1.0",],]
frame_52 = [ [ "0.9998300349127712", "0.010524764282491692", "-0.015137061244703749", "2.9780732516988877",], [ "-0.010637744567898103", "0.9999160151775495", "-0.007402768533893626", "1.4338796717596651",], [ "0.015057877567445761", "0.0075625345127223334", "0.9998580241188794", "0.011992859675254368",], [ "0.0", "0.0", "0.0", "1.0",],]
frame_53 = [ [ "0.9998303577950584", "0.010837557937581333", "-0.014893051042486853", "2.9310068538484306",], [ "-0.010957636468601524", "0.9999079215564532", "-0.008004911722292606", "1.5520766230940517",], [ "0.01480492601895141", "0.008166746390647687", "0.9998570489919868", "0.013555830434110495",], [ "0.0", "0.0", "0.0", "1.0",],]
frame_54 = [ [ "0.9996974222550546", "0.011407523245393904", "-0.021792942665059958", "4.275243025387027",], [ "-0.011625140581219546", "0.9998835624607423", "-0.00988522267258329", "1.9189074879473251",], [ "0.021677639241019567", "0.010135577646356676", "0.9997136340086157", "0.03932276445361767",], [ "0.0", "0.0", "0.0", "1.0",],]
frame_55 = [ [ "0.9996974222550549", "0.011407523245393696", "-0.021792942665060475", "4.275243025387128",], [ "-0.011625140581219598", "0.9998835624607423", "-0.009885222672584517", "1.9189074879475616",], [ "0.021677639241020164", "0.010135577646358026", "0.9997136340086163", "0.03932276445356598",], [ "0.0", "0.0", "0.0", "1.0",],]
frame_56 = [ [ "0.999706883958757", "0.011295478614185185", "-0.021413975071123244", "4.201078903752723",], [ "-0.01150504860773619", "0.9998868742120254", "-0.00968878914230238", "1.8803292679580077",], [ "0.02130211308776562", "0.009932318026861146", "0.9997237463602693", "0.03748045096803021",], [ "0.0", "0.0", "0.0", "1.0",],]
frame_57 = [ [ "0.9997010761344894", "0.011449942289986461", "-0.021602249815653868", "4.238609685524437",], [ "-0.011660733077937838", "0.9998853761901861", "-0.009657214147970066", "1.874949568034669",], [ "0.02148919913880351", "0.009906225445168618", "0.9997200013092694", "0.03736178807936473",], [ "0.0", "0.0", "0.0", "1.0",],]
frame_58 = [ [ "0.9996474815280275", "0.010606627568868331", "-0.02433951779074727", "4.771729343386389",], [ "-0.010924650666881726", "0.9998561979318724", "-0.012970561477125928", "2.51970905098554",], [ "0.024198443802805412", "0.013231889843876347", "0.9996196038537284", "0.06158683337539202",], [ "0.0", "0.0", "0.0", "1.0",],]
frame_59 = [ [ "0.9996474815280282", "0.010606627568868423", "-0.024339517790748406", "4.771729343386606",], [ "-0.01092465066688271", "0.9998561979318724", "-0.012970561477124479", "2.5197090509852598",], [ "0.024198443802806748", "0.013231889843874876", "0.999619603853729", "0.061586833375309256",], [ "0.0", "0.0", "0.0", "1.0",],]
frame_60 = [ [ "0.9997158224440041", "0.01122804456607423", "-0.021028679709678814", "4.126323763429618",], [ "-0.011427790706825296", "0.9998904906022548", "-0.009402786967076079", "1.8252699873469618",], [ "0.020920801960517793", "0.009640426256618014", "0.9997346559097189", "0.034729664492187826",], [ "0.0", "0.0", "0.0", "1.0",],]
frame_61 = [ [ "0.999715822444004", "0.011228044566074452", "-0.021028679709677457", "4.126323763429355",], [ "-0.01142779070682509", "0.9998904906022552", "-0.009402786967076368", "1.8252699873470173",], [ "0.02092080196051663", "0.00964042625661835", "0.9997346559097188", "0.03472966449221211",], [ "0.0", "0.0", "0.0", "1.0",],]
frame_62 = [ [ "0.999684505365096", "0.010811053867113537", "-0.02267180732161317", "4.447161465310807",], [ "-0.01106172586051833", "0.999878746148199", "-0.01096043895554128", "2.1285049211073943",], [ "0.02255056438169417", "0.01120777031320786", "0.9996828786823745", "0.04692062493032585",], [ "0.0", "0.0", "0.0", "1.0",],]
frame_63 = [ [ "0.9996609160279645", "0.010924215326481612", "-0.02363714207839155", "4.636532858349088",], [ "-0.011218417844684388", "0.9998608023760354", "-0.012350019150512202", "2.398846011905592",], [ "0.023498937575891818", "0.012611002793452335", "0.9996443180158401", "0.05578022846521788",], [ "0.0", "0.0", "0.0", "1.0",],]
frame_64 = [ [ "0.999649170965422", "0.010278812593401937", "-0.0244106738910885", "4.78456688255431",], [ "-0.010593042023333419", "0.9998622406292049", "-0.012778388968973337", "2.481243984200323",], [ "0.024275964426556024", "0.013032489233452722", "0.9996203438183647", "0.06098993750852217",], [ "0.0", "0.0", "0.0", "1.0",],]
frame_65 = [ [ "0.999649170965422", "0.010278812593402666", "-0.02441067389108959", "4.784566882554527",], [ "-0.010593042023333681", "0.9998622406292044", "-0.012778388968972492", "2.4812439842001583",], [ "0.024275964426556773", "0.01303248923345147", "0.9996203438183638", "0.060989937508721594",], [ "0.0", "0.0", "0.0", "1.0",],]
frame_66 = [ [ "0.9996258464521531", "0.006438476974114439", "-0.02658407641942191", "5.198512271177299",], [ "-0.006804404822760336", "0.9998830326181225", "-0.013697487265897357", "2.6541232995010406",], [ "0.026492775993239587", "0.013873251120235817", "0.999552732837808", "0.07308486266367815",], [ "0.0", "0.0", "0.0", "1.0",],]
frame_67 = [ [ "0.9996258464521527", "0.00643847697411422", "-0.026584076419420875", "5.198512271177097",], [ "-0.006804404822760692", "0.9998830326181222", "-0.01369748726589868", "2.654123299501297",], [ "0.026492775993238717", "0.01387325112023745", "0.9995527328378082", "0.07308486266367802",], [ "0.0", "0.0", "0.0", "1.0",],]
frame_68 = [ [ "0.9995355312760152", "0.004653928384663654", "-0.030117481092671462", "5.877408941458335",], [ "-0.005054492160033126", "0.999899603904264", "-0.013237606320817365", "2.5660400368446994",], [ "0.03005285054335609", "0.013383686438762931", "0.9994587050556573", "0.08851064536028666",], [ "0.0", "0.0", "0.0", "1.0",],]
frame_69 = [ [ "0.9995355312760154", "0.004653928384663008", "-0.03011748109267231", "5.877408941458497",], [ "-0.005054492160033129", "0.999899603904264", "-0.013237606320817805", "2.566040036844786",], [ "0.030052850543356914", "0.013383686438763639", "0.9994587050556579", "0.08851064536023641",], [ "0.0", "0.0", "0.0", "1.0",],]
frame_70 = [ [ "0.9995690688653825", "0.003007294969256286", "-0.0291998757628123", "5.696996195718243",], [ "-0.0033634647596724925", "0.9999204537652533", "-0.01215620198523045", "2.3551285720488173",], [ "0.029160995737566323", "0.012249176252431021", "0.9994996718402346", "0.07856072764165264",], [ "0.0", "0.0", "0.0", "1.0",],]
frame_71 = [ [ "0.9995690688653825", "0.0030072949692567684", "-0.029199875762807703", "5.696996195717351",], [ "-0.0033634647596724725", "0.999920453765252", "-0.012156201985234106", "2.355128572049524",], [ "0.02916099573756169", "0.012249176252434525", "0.9994996718402346", "0.07856072764174829",], [ "0.0", "0.0", "0.0", "1.0",],]
frame_72 = [ [ "0.9995420681582166", "0.004708314583547597", "-0.02989123208870145", "5.833903840854951",], [ "-0.005098464284083452", "0.9999026340047876", "-0.012989540878508454", "2.5182036896616866",], [ "0.0298271628543906", "0.013135991933340946", "0.999468751923736", "0.08584010206144889",], [ "0.0", "0.0", "0.0", "1.0",],]
frame_73 = [ [ "0.9995402360480401", "0.004420113666947037", "-0.029996318377465202", "5.853860807705649",], [ "-0.004820391131791102", "0.9999001306211627", "-0.013285052243832475", "2.5755829585277774",], [ "0.029934601222793674", "0.013423538242803193", "0.9994617192622642", "0.0876973168974662",], [ "0.0", "0.0", "0.0", "1.0",],]
frame_74 = [ [ "0.9995667025366071", "0.002744972204174172", "-0.029306523295901044", "5.717302730708957",], [ "-0.0031108980943618464", "0.9999176829872664", "-0.012447873811492385", "2.4117673656397245",], [ "0.029269941802837054", "0.012533649786817985", "0.999492960520425", "0.08034571805348802",], [ "0.0", "0.0", "0.0", "1.0",],]
frame_75 = [ [ "0.999566702536607", "0.0027449722041741923", "-0.029306523295899656", "5.7173027307086866",], [ "-0.003110898094361314", "0.999917682987267", "-0.012447873811492892", "2.4117673656398244",], [ "0.0292699418028357", "0.012533649786818458", "0.999492960520425", "0.0803457180535383",], [ "0.0", "0.0", "0.0", "1.0",],]
frame_76 = [ [ "0.9995667025366064", "0.0027449722041739347", "-0.02930652329589912", "5.717302730708583",], [ "-0.0031108980943604526", "0.9999176829872668", "-0.012447873811493133", "2.41176736563987",], [ "0.02926994180283497", "0.01253364978681852", "0.9994929605204246", "0.08034571805361958",], [ "0.0", "0.0", "0.0", "1.0",],]
frame_77 = [ [ "0.9995667025366061", "0.0027449722041743255", "-0.02930652329589928", "5.717302730708615",], [ "-0.0031108980943606334", "0.9999176829872668", "-0.012447873811492819", "2.411767365639808",], [ "0.029269941802835073", "0.01253364978681783", "0.9994929605204242", "0.08034571805367538",], [ "0.0", "0.0", "0.0", "1.0",],]
frame_78 = [ [ "0.9995690688653803", "0.0030072949692567827", "-0.029199875762806155", "5.696996195717052",], [ "-0.0033634647596702603", "0.9999204537652525", "-0.012156201985235853", "2.3551285720498645",], [ "0.029160995737559415", "0.012249176252435242", "0.9994996718402328", "0.07856072764201844",], [ "0.0", "0.0", "0.0", "1.0",],]
frame_79 = [ [ "0.9995826182432792", "0.003597428913706286", "-0.028664399716749684", "5.594767393593897",], [ "-0.003940724953863276", "0.9999210827375047", "-0.011928913776992076", "2.311433590780683",], [ "0.028619224181463714", "0.012036893381254344", "0.9995179103972986", "0.07505804641477562",], [ "0.0", "0.0", "0.0", "1.0",],]
frame_80 = [ [ "0.9995826182432797", "0.003597428913705869", "-0.02866439971675096", "5.594767393594143",], [ "-0.003940724953863326", "0.9999210827375054", "-0.011928913776991148", "2.311433590780505",], [ "0.0286192241814648", "0.01203689338125354", "0.9995179103972989", "0.07505804641469453",], [ "0.0", "0.0", "0.0", "1.0",],]
frame_81 = [ [ "0.9995826182432797", "0.003597428913705673", "-0.02866439971675076", "5.594767393594104",], [ "-0.003940724953863039", "0.9999210827375058", "-0.01192891377699182", "2.3114335907806365",], [ "0.02861922418146464", "0.01203689338125421", "0.9995179103972993", "0.07505804641458147",], [ "0.0", "0.0", "0.0", "1.0",],]
frame_82 = [ [ "0.999580450899065", "0.0033350486725609225", "-0.02877150727324055", "5.615163128819401",], [ "-0.003687929430355248", "0.9999185246806102", "-0.012220604611695962", "2.3680763904801214",], [ "0.028728406794308832", "0.012321584756446232", "0.9995113091867219", "0.07682187831818417",], [ "0.0", "0.0", "0.0", "1.0",],]
frame_83 = [ [ "0.9995667025366066", "0.0027449722041737777", "-0.02930652329590136", "5.71730273070902",], [ "-0.003110898094360981", "0.9999176829872678", "-0.012447873811492791", "2.4117673656398053",], [ "0.02926994180283743", "0.012533649786818594", "0.999492960520425", "0.08034571805357082",], [ "0.0", "0.0", "0.0", "1.0",],]
frame_84 = [ [ "0.9995667025366062", "0.002744972204173777", "-0.029306523295908625", "5.717302730710433",], [ "-0.0031108980943608242", "0.9999176829872677", "-0.012447873811494715", "2.411767365640179",], [ "0.029269941802844632", "0.012533649786820329", "0.9994929605204245", "0.08034571805364464",], [ "0.0", "0.0", "0.0", "1.0",],]
frame_85 = [ [ "0.9995667025366067", "0.0027449722041737144", "-0.029306523295900447", "5.717302730708841",], [ "-0.003110898094360108", "0.9999176829872679", "-0.012447873811491353", "2.4117673656395247",], [ "0.029269941802836357", "0.012533649786816946", "0.9994929605204248", "0.08034571805356071",], [ "0.0", "0.0", "0.0", "1.0",],]
frame_86 = [ [ "0.999566702536607", "0.002744972204173707", "-0.02930652329590019", "5.7173027307087905",], [ "-0.0031108980943597305", "0.9999176829872684", "-0.01244787381149388", "2.4117673656400194",], [ "0.02926994180283604", "0.012533649786819178", "0.9994929605204239", "0.08034571805373496",], [ "0.0", "0.0", "0.0", "1.0",],]
frame_87 = [ [ "0.9995667025366067", "0.002744972204174384", "-0.029306523295903036", "5.717302730709347",], [ "-0.0031108980943599608", "0.9999176829872684", "-0.012447873811493095", "2.4117673656398657",], [ "0.029269941802838602", "0.012533649786818153", "0.9994929605204232", "0.08034571805388928",], [ "0.0", "0.0", "0.0", "1.0",],]
frame_88 = [ [ "0.9995667025366058", "0.002744972204174942", "-0.029306523295904226", "5.717302730709582",], [ "-0.0031108980943597643", "0.9999176829872679", "-0.01244787381149099", "2.411767365639454",], [ "0.029269941802839438", "0.012533649786815542", "0.9994929605204225", "0.08034571805391623",], [ "0.0", "0.0", "0.0", "1.0",],]
frame_89 = [ [ "0.9995804508990639", "0.003335048672561728", "-0.028771507273239648", "5.615163128819228",], [ "-0.003687929430354265", "0.9999185246806099", "-0.012220604611695845", "2.3680763904800974",], [ "0.02872840679430755", "0.012321584756445465", "0.9995113091867189", "0.07682187831886889",], [ "0.0", "0.0", "0.0", "1.0",],]
frame_90 = [ [ "0.9995804508990634", "0.0033350486725611667", "-0.028771507273240293", "5.615163128819352",], [ "-0.0036879294303534898", "0.9999185246806093", "-0.012220604611696806", "2.368076390480282",], [ "0.028728406794307736", "0.012321584756445975", "0.9995113091867177", "0.07682187831907024",], [ "0.0", "0.0", "0.0", "1.0",],]
frame_91 = [ [ "0.9995804508990634", "0.003335048672560812", "-0.028771507273233868", "5.615163128818104",], [ "-0.00368792943035346", "0.999918524680609", "-0.01222060461169817", "2.368076390480547",], [ "0.028728406794301047", "0.012321584756446999", "0.9995113091867179", "0.07682187831903516",], [ "0.0", "0.0", "0.0", "1.0",],]
frame_92 = [ [ "0.9995804508990629", "0.0033350486725615626", "-0.028771507273241154", "5.615163128819521",], [ "-0.00368792943035378", "0.9999185246806089", "-0.012220604611697525", "2.3680763904804216",], [ "0.028728406794307985", "0.012321584756445927", "0.9995113091867172", "0.07682187831909999",], [ "0.0", "0.0", "0.0", "1.0",],]
frame_93 = [ [ "0.9995667025366047", "0.002744972204174452", "-0.029306523295900826", "5.717302730708917",], [ "-0.003110898094359106", "0.999917682987266", "-0.01244787381149293", "2.411767365639829",], [ "0.029269941802835153", "0.012533649786816651", "0.9994929605204198", "0.0803457180545317",], [ "0.0", "0.0", "0.0", "1.0",],]
frame_94 = [ [ "0.999521000662205", "0.004623997752957056", "-0.0306004555521602", "5.972053571377189",], [ "-0.005043309889637911", "0.9998942542839854", "-0.013639841466507204", "2.644869333205083",], [ "0.030534149088784376", "0.013787635571587731", "0.9994386258519132", "0.09220964688766085",], [ "0.0", "0.0", "0.0", "1.0",],]
frame_95 = [ [ "0.9995210006622046", "0.00462399775295762", "-0.030600455552160358", "5.972053571377223",], [ "-0.005043309889637958", "0.9998942542839856", "-0.013639841466504932", "2.644869333204641",], [ "0.030534149088784303", "0.013787635571584935", "0.999438625851913", "0.09220964688770981",], [ "0.0", "0.0", "0.0", "1.0",],]
frame_96 = [ [ "0.9995402360480359", "0.004420113666947903", "-0.029996318377468557", "5.853860807706304",], [ "-0.004820391131787086", "0.9999001306211626", "-0.013285052243835716", "2.5755829585284045",], [ "0.029934601222794312", "0.013423538242803429", "0.9994617192622579", "0.08769731689876925",], [ "0.0", "0.0", "0.0", "1.0",],]
frame_97 = [ [ "0.9995402360480359", "0.004420113666947976", "-0.029996318377466472", "5.853860807705898",], [ "-0.0048203911317866825", "0.999900130621163", "-0.013285052243837317", "2.575582958528716",], [ "0.02993460122279232", "0.013423538242804907", "0.9994617192622575", "0.08769731689881836",], [ "0.0", "0.0", "0.0", "1.0",],]
frame_98 = [ [ "0.9995402360480353", "0.0044201136669482", "-0.029996318377469487", "5.8538608077064875",], [ "-0.0048203911317868725", "0.9999001306211626", "-0.013285052243836328", "2.575582958528523",], [ "0.029934601222795343", "0.01342353824280353", "0.9994617192622568", "0.08769731689897463",], [ "0.0", "0.0", "0.0", "1.0",],]
frame_99 = [ [ "0.9996179674250568", "0.004465215888363585", "-0.027276015985859943", "5.321518561370467",], [ "-0.004751537628829952", "0.9999341976615258", "-0.010441419307883185", "2.020510090375731",], [ "0.02722759796883175", "0.010567033361896037", "0.9995734068665315", "0.06345120553447293",], [ "0.0", "0.0", "0.0", "1.0",],]
frame_100 = [ [ "0.9996199546802149", "0.004754400575371703", "-0.02715403985205541", "5.2982717852559285",], [ "-0.0050310466067505204", "0.9999360458592887", "-0.010128808485323259", "1.959801664834501",], [ "0.0271041468258779", "0.010261572319116324", "0.9995799444558541", "0.061666350522509156",], [ "0.0", "0.0", "0.0", "1.0",],]
frame_101 = [ [ "0.9996179674250572", "0.004465215888363645", "-0.027276015985860363", "5.321518561370548",], [ "-0.004751537628830501", "0.9999341976615266", "-0.01044141930788157", "2.0205100903754167",], [ "0.02722759796883218", "0.010567033361894414", "0.9995734068665311", "0.06345120553453175",], [ "0.0", "0.0", "0.0", "1.0",],]
frame_102 = [ [ "0.9996409228135997", "0.005382546675887449", "-0.0262498310022895", "5.123473764781415",], [ "-0.0056107641055650045", "0.9999470356638348", "-0.008628162797671615", "1.6684486702084822",], [ "0.026201999208428757", "0.008772346230810876", "0.9996181776954012", "0.051984756259363114",], [ "0.0", "0.0", "0.0", "1.0",],]
frame_103 = [ [ "0.9996096732688666", "0.004647681394560917", "-0.027548142677054528", "5.375135692793985",], [ "-0.004940761714544568", "0.9999318203268254", "-0.01058033891536635", "2.047638792437776",], [ "0.027497090409363576", "0.010712317934904812", "0.9995644832943333", "0.06518016460056429",], [ "0.0", "0.0", "0.0", "1.0",],]
frame_104 = [ [ "0.9998208124681305", "0.004741139410328251", "-0.01832660777802603", "3.572763501240824",], [ "-0.004871652999598183", "0.9999630450877651", "-0.0070834635495518215", "1.3715047291191107",], [ "0.018292346831646076", "0.007171475154951538", "0.9998069613637826", "0.02016345752290989",], [ "0.0", "0.0", "0.0", "1.0",],]
frame_105 = [ [ "0.9998200845632703", "0.004456709296269266", "-0.01843736006409978", "3.593830298724732",], [ "-0.004593440978538225", "0.9999622148618799", "-0.007380321707220798", "1.429148018494006",], [ "0.01840377145754008", "0.007463684798668535", "0.9998027778543893", "0.02147223472985605",], [ "0.0", "0.0", "0.0", "1.0",],]
frame_106 = [ [ "0.9997274771234846", "-0.006140534097380472", "-0.022522551482890604", "4.375199597621881",], [ "0.005878516628703392", "0.9999144905754246", "-0.011681377467395157", "2.255449647134282",], [ "0.022592355489114636", "0.011545794831388845", "0.9996780882339835", "0.04487842615295733",], [ "0.0", "0.0", "0.0", "1.0",],]
frame_107 = [ [ "0.9997274771234842", "-0.006140534097380047", "-0.02252255148289439", "4.375199597622618",], [ "0.005878516628703236", "0.9999144905754246", "-0.01168137746739811", "2.255449647134857",], [ "0.022592355489118386", "0.011545794831391518", "0.9996780882339833", "0.04487842615292294",], [ "0.0", "0.0", "0.0", "1.0",],]
frame_108 = [ [ "0.9997153345554007", "0.005505350616186381", "-0.02321510218293264", "4.531876132052291",], [ "-0.005706043082052352", "0.9999468461409924", "-0.008587547090416274", "1.6616904707562776",], [ "0.023166590752997155", "0.008717568885711747", "0.9996936095952564", "0.03809517486225144",], [ "0.0", "0.0", "0.0", "1.0",],]
frame_109 = [ [ "0.9995394844605139", "0.004701890535839032", "-0.02997851280143362", "5.8500485868005745",], [ "-0.0051195065569922815", "0.9998907146527107", "-0.013869008757149809", "2.6890166392078623",], [ "0.02991002602823231", "0.014016097055951113", "0.9994543208002529", "0.09128753277379605",], [ "0.0", "0.0", "0.0", "1.0",],]
frame_110 = [ [ "0.9996029625906914", "0.004002448988098821", "-0.027890815369891377", "5.444655962338619",], [ "-0.004305079335952119", "0.9999324221918039", "-0.010798950946467422", "2.091465143762669",], [ "0.02784570831943037", "0.010914735531867946", "0.9995526424738438", "0.06676382651258692",], [ "0.0", "0.0", "0.0", "1.0",],]
frame_111 = [ [ "0.9995706323074031", "0.005057698655348628", "-0.028861232005512282", "5.633136317057773",], [ "-0.0054111329760727035", "0.9999111668271966", "-0.01218105472403301", "2.360755653445761",], [ "0.028797060066602282", "0.01233199653690331", "0.9995092051566707", "0.07826625281272649",], [ "0.0", "0.0", "0.0", "1.0",],]
frame_112 = [ [ "0.9996636780463782", "0.00696106802003688", "-0.024981479675794394", "4.8806713306983305",], [ "-0.007167733174135976", "0.9999407494961179", "-0.008192746687505728", "1.585481244105781",], [ "0.024922969243571985", "0.008369051867540857", "0.9996543425479167", "0.04525733928689436",], [ "0.0", "0.0", "0.0", "1.0",],]
frame_113 = [ [ "0.9996660511148516", "0.004422457175109197", "-0.025460324447209647", "4.967715975996346",], [ "-0.004673478020078238", "0.9999409766976641", "-0.009808247759753525", "1.8988410502755089",], [ "0.025415445139100042", "0.009923960573031902", "0.9996277157796846", "0.051567315801421584",], [ "0.0", "0.0", "0.0", "1.0",],]
frame_114 = [ [ "0.9996091219525474", "0.0037438341118095284", "-0.027705360769790355", "5.408281975565074",], [ "-0.004037415968655659", "0.9999362150229374", "-0.010548230083641842", "2.042839272121801",], [ "0.02766410276038046", "0.010655965078046614", "0.9995604773232588", "0.06494363617308965",], [ "0.0", "0.0", "0.0", "1.0",],]
frame_115 = [ [ "0.999631540886181", "1.6551835563440365e-06", "-0.027143737081752554", "5.290854966523633",], [ "-0.0003768114447891937", "0.9999044836654069", "-0.013815989249827312", "2.679208497268531",], [ "0.027141121543478617", "0.013821126693453178", "0.9995360603691433", "0.07569596472984287",], [ "0.0", "0.0", "0.0", "1.0",],]
frame_116 = [ [ "0.9996190081156354", "-0.0017213654365688007", "-0.02754769527438415", "5.367566913876444",], [ "0.0013485526913810087", "0.9999073364283142", "-0.01354621579896254", "2.624040464376665",], [ "0.027568460594218254", "0.013503905282069937", "0.9995287012000104", "0.0761757761651476",], [ "0.0", "0.0", "0.0", "1.0",],]
frame_117 = [ [ "0.9996315408861804", "1.6551835560289108e-06", "-0.02714373708175263", "5.290854966523648",], [ "-0.0003768114447897465", "0.9999044836654061", "-0.013815989249825968", "2.679208497268269",], [ "0.02714112154347828", "0.013821126693451216", "0.9995360603691432", "0.075695964729887",], [ "0.0", "0.0", "0.0", "1.0",],]
frame_118 = [ [ "0.99958523416478", "-0.00020467950730733133", "-0.028797877456918287", "5.612780832036468",], [ "-0.00025155127890687555", "0.9998745393748641", "-0.015837999616583012", "3.0727136134741007",], [ "0.028797506171164965", "0.015838674698341784", "0.9994597740890337", "0.09284187314857438",], [ "0.0", "0.0", "0.0", "1.0",],]
frame_119 = [ [ "0.9995728313854186", "0.0021245421280247406", "-0.029148603343327067", "5.685754249671031",], [ "-0.00257219605507131", "0.9998791992357122", "-0.015328755435499834", "2.9736887882089302",], [ "0.029112515583069046", "0.015397183394801258", "0.9994575469623069", "0.09243994144247776",], [ "0.0", "0.0", "0.0", "1.0",],]
frame_120 = [ [ "0.9996045995051778", "0.005788447389971455", "-0.027516150255627748", "5.371266345140837",], [ "-0.0060760102032010686", "0.999927680820868", "-0.010378594712588436", "2.010351956400152",], [ "0.027454084360749652", "0.01054167942080306", "0.9995674795864868", "0.0639899021454458",], [ "0.0", "0.0", "0.0", "1.0",],]
frame_121 = [ [ "0.9996431062516571", "0.006839771089430313", "-0.025823974422325927", "5.044903591896888",], [ "-0.007077047955572914", "0.9999334771739786", "-0.00910805242556161", "1.7634605461377282",], [ "0.025759959544903524", "0.009287559323974778", "0.9996250125552221", "0.05260957069159705",], [ "0.0", "0.0", "0.0", "1.0",],]
frame_122 = [ [ "0.9996144804641862", "0.004702621059546831", "-0.02736376804219065", "5.344639243812501",], [ "-0.005002681089344987", "0.9999279973402979", "-0.010907489029750127", "2.113341397153332",], [ "0.027310503990490537", "0.011040176184553328", "0.9995660312763625", "0.0655961823549046",], [ "0.0", "0.0", "0.0", "1.0",],]
frame_123 = [ [ "0.9996144804641856", "0.00470262105954655", "-0.027363768042191913", "5.344639243812746",], [ "-0.005002681089345191", "0.9999279973402977", "-0.010907489029753081", "2.1133413971539063",], [ "0.02731050399049171", "0.011040176184556166", "0.9995660312763621", "0.06559618235500221",], [ "0.0", "0.0", "0.0", "1.0",],]
frame_124 = [ [ "0.9997281964596648", "0.00450547021702247", "-0.02287430745641857", "4.462380052987245",], [ "-0.004659655585784243", "0.9999667536390652", "-0.006691728204632824", "1.291069396141764",], [ "0.022843397586806997", "0.006796495763718697", "0.9997159530746736", "0.029460690856184416",], [ "0.0", "0.0", "0.0", "1.0",],]
frame_125 = [ [ "0.9995886134060117", "-0.0021263005476679963", "-0.02860214668533139", "5.572182675576547",], [ "0.0016915949366411332", "0.9998828298568737", "-0.015213975942311692", "2.9483653173662767",], [ "0.028631144853085797", "0.01515933387005109", "0.999475088304354", "0.08889625581899062",], [ "0.0", "0.0", "0.0", "1.0",],]
frame_126 = [ [ "0.9995739173852737", "-0.0018818239665456585", "-0.029128034976591725", "5.67442379597649",], [ "0.0014243748404196644", "0.9998754569646268", "-0.01571756075491272", "3.0462800936031256",], [ "0.0291539849652222", "0.01566937453535065", "0.9994521078382376", "0.09418649994304622",], [ "0.0", "0.0", "0.0", "1.0",],]
frame_127 = [ [ "0.9995876380911741", "-0.002080663145899611", "-0.02863956382630144", "5.579526945284124",], [ "0.001645202397316596", "0.99988281495949", "-0.015220041318883503", "2.9495361258003823",], [ "0.02866787547690196", "0.015166647274520587", "0.9994739244853104", "0.08913709198068467",], [ "0.0", "0.0", "0.0", "1.0",],]
frame_128 = [ [ "0.9996197014618564", "0.005611867627297834", "-0.026999247971415306", "5.2700537486510886",], [ "-0.0058873490112442695", "0.999931311645749", "-0.010134649082337991", "1.962687595583861",], [ "0.026940519128402965", "0.010289748885948947", "0.9995840782530164", "0.06098204749045612",], [ "0.0", "0.0", "0.0", "1.0",],]
frame_129 = [ [ "0.9996166647158634", "0.0065507587480595425", "-0.02690002197278723", "5.254464651486923",], [ "-0.006816441787768723", "0.9999287759711004", "-0.009796892685025595", "1.8979482241737198",], [ "0.026833928964380832", "0.009976499624244463", "0.9995901208553223", "0.058225854581412266",], [ "0.0", "0.0", "0.0", "1.0",],]
frame_130 = [ [ "0.9996386824284905", "0.0077410825933610814", "-0.025740633886752393", "5.031813390623296",], [ "-0.007991553342326006", "0.9999215807109548", "-0.009641965757555755", "1.869832163254956",], [ "0.025663976071247773", "0.009844189594667617", "0.9996221547481895", "0.053571393938116885",], [ "0.0", "0.0", "0.0", "1.0",],]
frame_131 = [ [ "0.999638682428491", "0.007741082593361174", "-0.02574063388675421", "5.031813390623649",], [ "-0.007991553342326322", "0.9999215807109543", "-0.009641965757553453", "1.8698321632545074",], [ "0.025663976071249654", "0.009844189594665534", "0.9996221547481899", "0.053571393938093875",], [ "0.0", "0.0", "0.0", "1.0",],]
frame_132 = [ [ "0.9996465889674179", "0.006962891367592311", "-0.02565570715431205", "5.012988290624379",], [ "-0.0071677106776547785", "0.9999431046561037", "-0.007900086983064944", "1.528903718521438",], [ "0.02559924001656887", "0.008081187691272456", "0.9996396217217719", "0.045786186750378106",], [ "0.0", "0.0", "0.0", "1.0",],]
frame_133 = [ [ "0.9996536464316138", "0.004438517897773779", "-0.02594006042452454", "5.06487051126757",], [ "-0.004648413801423065", "0.9999568994574919", "-0.008036882260909076", "1.553774018256843",], [ "0.02590327054808617", "0.008154678792939254", "0.9996311928849929", "0.04721595051411954",], [ "0.0", "0.0", "0.0", "1.0",],]
frame_134 = [ [ "0.9996039579464647", "-0.001502980459808967", "-0.02810103748045278", "5.475875756642878",], [ "0.0011132707226331159", "0.9999030669127776", "-0.01387866732448297", "2.688994695865267",], [ "0.028119172925928543", "0.013841886726265741", "0.9995087364729707", "0.08003647675793599",], [ "0.0", "0.0", "0.0", "1.0",],]
frame_135 = [ [ "0.9995861615676075", "0.00224846433989325", "-0.028678389261368845", "5.596376682935807",], [ "-0.002552977060553277", "0.9999407076655558", "-0.010586003089942122", "2.047786542420759",], [ "0.02865288660226792", "0.010654837464928762", "0.9995326340484986", "0.06935779655759958",], [ "0.0", "0.0", "0.0", "1.0",],]
frame_136 = [ [ "0.9995544128361903", "0.0018242709512849334", "-0.02979341899099619", "5.812765257247929",], [ "-0.0021909401571559993", "0.9999222093383564", "-0.01227904935703544", "2.3770306732922104",], [ "0.029768701028165093", "0.012338853568337615", "0.999480653705559", "0.08180593588888022",], [ "0.0", "0.0", "0.0", "1.0",],]
frame_137 = [ [ "0.9995622202554507", "0.003536673602236516", "-0.029374474936617812", "5.73311996644085",], [ "-0.003907422281279646", "0.9999133138015627", "-0.012573660305490087", "2.4370237181208227",], [ "0.029327459642564654", "0.012682934289554647", "0.9994893912837176", "0.08109834674083032",], [ "0.0", "0.0", "0.0", "1.0",],]
frame_138 = [ [ "0.9995622202554514", "0.0035366736022362883", "-0.029374474936619852", "5.733119966441246",], [ "-0.003907422281279566", "0.9999133138015625", "-0.012573660305487074", "2.437023718120237",], [ "0.029327459642566715", "0.012682934289551856", "0.9994893912837185", "0.08109834674069305",], [ "0.0", "0.0", "0.0", "1.0",],]
frame_139 = [ [ "0.9995622202554507", "0.0035366736022370573", "-0.0293744749366215", "5.733119966441568",], [ "-0.003907422281280333", "0.9999133138015623", "-0.012573660305484605", "2.4370237181197565",], [ "0.02932745964256839", "0.012682934289549351", "0.9994893912837182", "0.08109834674075336",], [ "0.0", "0.0", "0.0", "1.0",],]
frame_140 = [ [ "0.9995622202554513", "0.003536673602236224", "-0.029374474936616973", "5.733119966440686",], [ "-0.0039074222812802255", "0.9999133138015623", "-0.012573660305491044", "2.4370237181210093",], [ "0.02932745964256397", "0.012682934289555952", "0.9994893912837182", "0.08109834674082954",], [ "0.0", "0.0", "0.0", "1.0",],]
frame_141 = [ [ "0.9995852341647778", "-0.00020467950730647716", "-0.02879787745691894", "5.612780832036599",], [ "-0.00025155127890948424", "0.9998745393748575", "-0.015837999616581923", "3.072713613473877",], [ "0.02879750617116495", "0.015838674698339987", "0.9994597740890309", "0.0928418731491188",], [ "0.0", "0.0", "0.0", "1.0",],]
frame_142 = [ [ "0.9995852341647775", "-0.00020467950730657146", "-0.02879787745691801", "5.6127808320364165",], [ "-0.00025155127890907257", "0.9998745393748577", "-0.015837999616583207", "3.0727136134741264",], [ "0.02879750617116382", "0.01583867469834102", "0.99945977408903", "0.09284187314928627",], [ "0.0", "0.0", "0.0", "1.0",],]
frame_143 = [ [ "0.9996022938542342", "-0.0004055669027655303", "-0.028197333860120365", "5.495297333228454",], [ "-3.1134268808513884e-05", "0.9998800972729518", "-0.015485157670326434", "3.003807669446405",], [ "0.028200233190326406", "0.015479877031317802", "0.9994824261862137", "0.08842908579413805",], [ "0.0", "0.0", "0.0", "1.0",],]
frame_144 = [ [ "0.9997284195998322", "-0.0017625694881999161", "-0.02323747820218545", "4.520892583588418",], [ "0.0014681263453761352", "0.9999185021396052", "-0.01268202207482366", "2.456952743751464",], [ "0.02325793734258461", "0.012644462332237344", "0.9996495315473665", "0.05334572128379592",], [ "0.0", "0.0", "0.0", "1.0",],]
frame_145 = [ [ "0.9997056953424064", "-0.0014104405599857342", "-0.024218450762950247", "4.712851793761404",], [ "0.0010642604424702918", "0.9998971689497205", "-0.014301009615697266", "2.7731886558686454",], [ "0.02423613107822886", "0.014271026022826688", "0.9996043956318853", "0.06511424904898795",], [ "0.0", "0.0", "0.0", "1.0",],]
frame_146 = [ [ "0.999711082937648", "-0.0007107203832694694", "-0.024025934490607758", "4.680254503367183",], [ "0.00042293683348776275", "0.999928135825916", "-0.011980997793493564", "2.321667583852627",], [ "0.024032723026008708", "0.011967374826144569", "0.9996395401161849", "0.05273047575210228",], [ "0.0", "0.0", "0.0", "1.0",],]
frame_147 = [ [ "0.9996607159267474", "0.004302873139756611", "-0.025689264597145295", "5.015273221692369",], [ "-0.004534872332441172", "0.9999493999319251", "-0.008979560607131558", "1.737701676532375",], [ "0.025649326808461437", "0.009093011520488211", "0.9996296460068271", "0.04997491613193324",], [ "0.0", "0.0", "0.0", "1.0",],]
frame_148 = [ [ "0.9997281964596623", "0.004505470217022424", "-0.022874307456418375", "4.462380052987209",], [ "-0.0046596555857845974", "0.9999667536390614", "-0.006691728204633522", "1.2910693961418902",], [ "0.02284339758680727", "0.006796495763719734", "0.9997159530746715", "0.02946069085658714",], [ "0.0", "0.0", "0.0", "1.0",],]
