frame_595 = [ [ "1.0", "0.0", "0.0", "0.0",], [ "0.0", "1.0", "0.0", "0.0",], [ "0.0", "0.0", "1.0", "0.0",], [ "0.0", "0.0", "0.0", "1.0",],]
frame_626 = [ [ "0.999837996325431", "-0.011241031083659805", "0.014057749610962235", "-2.754118679637503",], [ "0.010761170137230498", "0.9993721363616822", "0.03375692938000417", "-6.5563907680813545",], [ "-0.014428385953594304", "-0.03360018279809232", "0.999331201051339", "0.07725439962308395",], [ "0.0", "0.0", "0.0", "1.0",],]
frame_627 = [ [ "0.9998251936695457", "-0.01044574978060383", "0.015507044050347122", "-3.0463956311362574",], [ "0.009990192979328207", "0.9995245476568125", "0.02916975618140498", "-5.654483690500382",], [ "-0.015804371164149313", "-0.029009738760764566", "0.9994541794945576", "0.04774180233781796",], [ "0.0", "0.0", "0.0", "1.0",],]
frame_628 = [ [ "0.9998143033518729", "-0.010768106601601008", "0.015981448408252788", "-3.138098596355059",], [ "0.010270754289087476", "0.9994702357721732", "0.03088299551291725", "-5.986795498009673",], [ "-0.016305533396436728", "-0.030713119114381442", "0.9993952340765513", "0.05988193243944016",], [ "0.0", "0.0", "0.0", "1.0",],]
frame_629 = [ [ "0.9998294128521995", "-0.010072247118296811", "0.015482087508259133", "-3.042461735418869",], [ "0.009602569494994728", "0.9995002381508225", "0.03011751310355881", "-5.837710293742206",], [ "-0.015777701186144213", "-0.029963707621674152", "0.9994264557088954", "0.05393183605140643",], [ "0.0", "0.0", "0.0", "1.0",],]
frame_630 = [ [ "0.9998015837709037", "-0.011826063037513206", "0.016029264556591094", "-3.1473110194823826",], [ "0.011322155500119212", "0.9994499360519788", "0.03117104618916098", "-6.043199437209142",], [ "-0.016389078193223425", "-0.030983375521857186", "0.9993855254891617", "0.062129058564676105",], [ "0.0", "0.0", "0.0", "1.0",],]
frame_631 = [ [ "0.9997829544867005", "-0.013485289753113716", "0.015880518824025996", "-3.1202276520129053",], [ "0.013001330416383525", "0.9994595052274943", "0.030193754616113753", "-5.853102659958893",], [ "-0.016279107016349367", "-0.02998073332472981", "0.9994179037339995", "0.055081604592895295",], [ "0.0", "0.0", "0.0", "1.0",],]
frame_632 = [ [ "0.9998034968940358", "-0.01163559744776733", "0.01604931370783943", "-3.151183892636825",], [ "0.01112698576917696", "0.9994442114542688", "0.03142385046821358", "-6.092206885515195",], [ "-0.016406028957420604", "-0.03123909509876316", "0.9993772866896958", "0.06355651457729598",], [ "0.0", "0.0", "0.0", "1.0",],]
frame_633 = [ [ "0.9998183510002989", "-0.01065852202147571", "0.01580066173809887", "-3.104102624178662",], [ "0.010197459968755778", "0.999528010047817", "0.02897876705516865", "-5.616697381724024",], [ "-0.016102074811333137", "-0.028812376475566275", "0.9994551366362575", "0.048552816445472824",], [ "0.0", "0.0", "0.0", "1.0",],]
frame_634 = [ [ "0.9998141866889354", "-0.010760519010776607", "0.015993852761676697", "-3.1414532026275044",], [ "0.010266240726889211", "0.9994767939319534", "0.030671529026837528", "-5.9452288163231115",], [ "-0.016315526252042665", "-0.030501633105871534", "0.9994015479180501", "0.05880847069691292",], [ "0.0", "0.0", "0.0", "1.0",],]
frame_635 = [ [ "0.9998268501820953", "-0.009651000923608669", "0.015909991707194048", "-3.124875838688301",], [ "0.009178783885296206", "0.9995229010635127", "0.029491018564474825", "-5.716777551515951",], [ "-0.016187018914474462", "-0.029339877824483312", "0.9994384183069549", "0.051304522155833636",], [ "0.0", "0.0", "0.0", "1.0",],]
frame_636 = [ [ "0.9998123272177291", "-0.010503073187675863", "0.016278691504014894", "-3.1965119442705436",], [ "0.010001610426306816", "0.9994820977693264", "0.03058601032352831", "-5.928833188886921",], [ "-0.01659150783831921", "-0.030417457031198955", "0.9993995698295082", "0.059502084619093704",], [ "0.0", "0.0", "0.0", "1.0",],]
frame_637 = [ [ "0.9998148542886448", "-0.010688794059023595", "0.016000213290484303", "-3.1425666957739793",], [ "0.010203423114484834", "0.9994943440788353", "0.03011554932537167", "-5.837777161135836",], [ "-0.01631402159260687", "-0.029946716614444077", "0.9994183542758712", "0.054684163981220245",], [ "0.0", "0.0", "0.0", "1.0",],]
frame_638 = [ [ "0.9998061381397001", "-0.010069969586441943", "0.016919865564088712", "-3.320854250770412",], [ "0.009522363935074041", "0.9994380369216531", "0.032139305208495485", "-6.230294124921018",], [ "-0.017233999050329248", "-0.031971957505365294", "0.9993401739197781", "0.06968261098180617",], [ "0.0", "0.0", "0.0", "1.0",],]
frame_639 = [ [ "0.999821204674294", "-0.010093951459851813", "0.015989710052704713", "-3.1404855201745625",], [ "0.009591263866233544", "0.9994668644599404", "0.031208885018010266", "-6.049022439125035",], [ "-0.016296206340487472", "-0.031049943486988453", "0.999384978208282", "0.06109966544769664",], [ "0.0", "0.0", "0.0", "1.0",],]
frame_640 = [ [ "0.9998066854051404", "-0.010742375568555021", "0.016467944204769464", "-3.2328336250429572",], [ "0.010228063375492842", "0.9994669442225314", "0.031003453453868682", "-6.00952939128112",], [ "-0.01679221661289099", "-0.030829024856834763", "0.9993836063732526", "0.061868099604806506",], [ "0.0", "0.0", "0.0", "1.0",],]
frame_641 = [ [ "0.9998258145314202", "-0.009881589661769635", "0.01583334400371894", "-3.110681305177396",], [ "0.009388147329591002", "0.9994771003293659", "0.030941696897979574", "-5.997286435088179",], [ "-0.0161308179055383", "-0.030787661537779742", "0.9993957757619057", "0.059371201148376",], [ "0.0", "0.0", "0.0", "1.0",],]
frame_642 = [ [ "0.9998156585845722", "-0.01020045618557606", "0.016266515997777543", "-3.1945880304506105",], [ "0.009686169658931282", "0.999460351704064", "0.03138763273858141", "-6.084130075923183",], [ "-0.01657790597265665", "-0.03122428646422146", "0.99937491311738", "0.06383172838950879",], [ "0.0", "0.0", "0.0", "1.0",],]
frame_643 = [ [ "0.9998267685883778", "-0.010166171085126102", "0.01559108012905912", "-3.06369329309518",], [ "0.009692248555794866", "0.999497574860319", "0.030177113286070985", "-5.849444278362163",], [ "-0.01589003247496807", "-0.030020773038273538", "0.9994229635415316", "0.054157234966895125",], [ "0.0", "0.0", "0.0", "1.0",],]
frame_644 = [ [ "0.9998153770350331", "-0.010177661384998317", "0.01629806899687261", "-3.2002740810494408",], [ "0.009671048651730078", "0.9994767128471631", "0.03086699360501202", "-5.983203696833321",], [ "-0.016603694235634254", "-0.030703675430935252", "0.9993906151514381", "0.06067135144769992",], [ "0.0", "0.0", "0.0", "1.0",],]
frame_645 = [ [ "0.999806676678059", "-0.010530449925711734", "0.016604785284258867", "-3.2599354332285078",], [ "0.010008970303603227", "0.9994636157148208", "0.03118174747707686", "-6.0437810425028955",], [ "-0.016924236568776185", "-0.03100952251526304", "0.9993757950490634", "0.06291689231127058",], [ "0.0", "0.0", "0.0", "1.0",],]
frame_646 = [ [ "0.9998158323803068", "-0.009828809615129327", "0.016483198209736368", "-3.236068506828402",], [ "0.009312172159120762", "0.9994718886729524", "0.031132414011856215", "-6.034918795308742",], [ "-0.016780487816236773", "-0.03097318604981069", "0.9993793458815227", "0.06282843093513875",], [ "0.0", "0.0", "0.0", "1.0",],]
frame_647 = [ [ "0.9998158362657783", "-0.009807400910083858", "0.016495709731602585", "-3.238035518360464",], [ "0.00929022987575275", "0.9994718086235932", "0.031141538104996633", "-6.036896642262565",], [ "-0.016792414389126088", "-0.030982554027680072", "0.9993788551720084", "0.06263518050949414",], [ "0.0", "0.0", "0.0", "1.0",],]
frame_648 = [ [ "0.9998038947696313", "-0.010903499476989195", "0.01653135513592341", "-3.246303671910335",], [ "0.010386773031569813", "0.9994645638821685", "0.031027415132802615", "-6.015145232285767",], [ "-0.016860811055978992", "-0.030849623060709448", "0.9993818158279424", "0.06201028022886429",], [ "0.0", "0.0", "0.0", "1.0",],]
frame_649 = [ [ "0.9998047379723202", "-0.010301238408366173", "0.016863286018791713", "-3.310743361688389",], [ "0.00977476978467382", "0.9994712766351708", "0.031010015429250495", "-6.011731603956309",], [ "-0.017173811567448984", "-0.03083912561211307", "0.9993768100810292", "0.06306075631599549",], [ "0.0", "0.0", "0.0", "1.0",],]
frame_650 = [ [ "0.9998053346303695", "-0.010317613310177635", "0.016817838750408196", "-3.301847927789551",], [ "0.009793186712640147", "0.9994722642069848", "0.030972351783145165", "-6.0043619480091275",], [ "-0.017128524123943042", "-0.030801622303851584", "0.9993787438828158", "0.06281166732148076",], [ "0.0", "0.0", "0.0", "1.0",],]
frame_651 = [ [ "0.999801223407177", "-0.011031936424801502", "0.016607529985780075", "-3.261061172128151",], [ "0.01052657735465398", "0.9994879797209428", "0.030215386188964976", "-5.8576670990553525",], [ "-0.01693236081312911", "-0.030034559628383004", "0.9994054334379172", "0.0578639299398239",], [ "0.0", "0.0", "0.0", "1.0",],]
frame_652 = [ [ "0.9998046150911495", "-0.010388403063750226", "0.016817036725321557", "-3.302215718948519",], [ "0.009864300067003135", "0.9994721477124818", "0.030953538266097355", "-6.000384623698892",], [ "-0.01712971764577351", "-0.030781602115348812", "0.9993793402630433", "0.06296562528427584",], [ "0.0", "0.0", "0.0", "1.0",],]
frame_653 = [ [ "0.999815835858212", "-0.009906922870848779", "0.01643615667890291", "-3.2271743558114205",], [ "0.009411068839318725", "0.9995063028637738", "0.029976362669516098", "-5.810480441109798",], [ "-0.01672501570833481", "-0.02981616029645287", "0.9994154643764219", "0.05672125382950765",], [ "0.0", "0.0", "0.0", "1.0",],]
frame_654 = [ [ "0.9998164881905652", "-0.009809251621823499", "0.016455045575791714", "-3.2308261401603398",], [ "0.009312507599751186", "0.9995065868853807", "0.029997666158281262", "-5.814904997609666",], [ "-0.016741181095916345", "-0.02983892349530781", "0.9994145143533604", "0.05685939540352627",], [ "0.0", "0.0", "0.0", "1.0",],]
frame_655 = [ [ "0.9998215392813039", "-0.010026357661024572", "0.016011300422288953", "-3.145234981646083",], [ "0.009540598647497373", "0.9995003951356094", "0.030131994643743398", "-5.840996115699178",], [ "-0.0163054152540505", "-0.029973859875170903", "0.9994176810311015", "0.05587014925782605",], [ "0.0", "0.0", "0.0", "1.0",],]
frame_656 = [ [ "0.9998222140891121", "-0.009983645581295619", "0.015995844299313985", "-3.142193270783794",], [ "0.009498558719722787", "0.9995011561995704", "0.03012002885078608", "-5.838791444737116",], [ "-0.01628857256449689", "-0.02996273646767331", "0.9994182892198779", "0.055795036659090205",], [ "0.0", "0.0", "0.0", "1.0",],]
frame_657 = [ [ "0.9998107247027871", "-0.01055566193046426", "0.016342973122779294", "-3.2110586895227615",], [ "0.010055967707245926", "0.9994883973857501", "0.03036150531077744", "-5.885814868051073",], [ "-0.016655097800765375", "-0.030191414217874194", "0.9994053663177819", "0.0581733582640529",], [ "0.0", "0.0", "0.0", "1.0",],]
frame_658 = [ [ "0.9998113083768073", "-0.010567451465571106", "0.016299589300762352", "-3.2026731202691443",], [ "0.01006498276631158", "0.9994808191944723", "0.03060699567518861", "-5.933108226563826",], [ "-0.016614564808163642", "-0.030437165306084906", "0.9993985867532399", "0.059354644895628604",], [ "0.0", "0.0", "0.0", "1.0",],]
frame_659 = [ [ "0.9998070774817921", "-0.010982168886686478", "0.016284955752340523", "-3.2000290410905787",], [ "0.010469315528691785", "0.9994567634197971", "0.03125014378824041", "-6.0576185276190015",], [ "-0.016619303525484144", "-0.031073622591665698", "0.9993789214954288", "0.06363070928405976",], [ "0.0", "0.0", "0.0", "1.0",],]
frame_660 = [ [ "0.9998021544510824", "-0.011837096612037076", "0.01598546523452184", "-3.142319361594275",], [ "0.011337884186949856", "0.9994561092884017", "0.03096672388636286", "-6.002644099005234",], [ "-0.016343326990861214", "-0.03077935590437524", "0.9993925789763441", "0.06121877744127667",], [ "0.0", "0.0", "0.0", "1.0",],]
frame_661 = [ [ "0.9998088335132741", "-0.011681289184340036", "0.015679410442084277", "-3.0829380454336626",], [ "0.01118341698230316", "0.99944200707779", "0.03147388874795395", "-6.100846116461876",], [ "-0.016038317038253525", "-0.03129252261020926", "0.9993815839884572", "0.06307766612844215",], [ "0.0", "0.0", "0.0", "1.0",],]
frame_662 = [ [ "0.9998078083171714", "-0.011565822774635557", "0.015829661131984783", "-3.111896081120658",], [ "0.011059537062753323", "0.9994360618703843", "0.031705596871448125", "-6.146122844497909",], [ "-0.01618743549687252", "-0.03152443459545169", "0.9993718912174185", "0.06463391484849944",], [ "0.0", "0.0", "0.0", "1.0",],]
frame_663 = [ [ "0.999799404704651", "-0.011048341731890926", "0.016705822254356757", "-3.2819795054844696",], [ "0.010483081080247635", "0.9993819503089109", "0.03355327715472765", "-6.504888784170714",], [ "-0.01706620529830299", "-0.03337141803598361", "0.9992972996536076", "0.07803069515419477",], [ "0.0", "0.0", "0.0", "1.0",],]
frame_664 = [ [ "0.9998248613585888", "-0.010160281341941163", "0.015716720151616483", "-3.0888397611167653",], [ "0.009648009674495325", "0.9994305697322483", "0.03233345317148409", "-6.267639103923692",], [ "-0.01603628755643089", "-0.03217615526635092", "0.9993535573127708", "0.0673626997743833",], [ "0.0", "0.0", "0.0", "1.0",],]
frame_665 = [ [ "0.9998234689854529", "-0.011614138157364498", "0.014769653372652685", "-2.903637490722551",], [ "0.011170056543303677", "0.9994933978759218", "0.02980230593868334", "-5.776440932054031",], [ "-0.015108299133461987", "-0.029632067044084196", "0.9994466868722882", "0.05033209864080848",], [ "0.0", "0.0", "0.0", "1.0",],]
frame_666 = [ [ "0.999802075076874", "-0.011327007497327155", "0.016355719890084046", "-3.212325156503027",], [ "0.010818452598295919", "0.9994653514669799", "0.030854048362593565", "-5.980919412215732",], [ "-0.016696459365564284", "-0.030670997997103353", "0.9993900730578228", "0.06173010872003945",], [ "0.0", "0.0", "0.0", "1.0",],]
frame_667 = [ [ "0.9998237848262168", "-0.011751410883724457", "0.014639113293225243", "-2.878518448920918",], [ "0.011319152145414584", "0.9995074929608201", "0.029268554967456027", "-5.671877725193777",], [ "-0.014975850242276358", "-0.029097695053318016", "0.9994643805819741", "0.04755537119076441",], [ "0.0", "0.0", "0.0", "1.0",],]
frame_668 = [ [ "0.9998174631478799", "-0.012079223009003093", "0.014803133317933271", "-2.9102281476420777",], [ "0.011645938295485403", "0.9995111458937579", "0.029014502500694487", "-5.622510950207231",], [ "-0.015146369391626684", "-0.028836809907543476", "0.9994693721613546", "0.04658086751723164",], [ "0.0", "0.0", "0.0", "1.0",],]
frame_669 = [ [ "0.9998174631478808", "-0.012079223009003243", "0.014803133317932633", "-2.910228147641953",], [ "0.01164593829548511", "0.9995111458937583", "0.029014502500694324", "-5.622510950207199",], [ "-0.015146369391625895", "-0.028836809907543358", "0.9994693721613559", "0.046580867516944194",], [ "0.0", "0.0", "0.0", "1.0",],]
frame_670 = [ [ "0.9998381888835769", "-0.010362816492379743", "0.014704015925788325", "-2.892337367527543",], [ "0.009922346137301625", "0.9995090443957636", "0.02971897067863813", "-5.76041373064379",], [ "-0.01500476914624998", "-0.029568263483191474", "0.9994501361736166", "0.0497060926566908",], [ "0.0", "0.0", "0.0", "1.0",],]
frame_671 = [ [ "0.9998379695303966", "-0.011089597588146314", "0.014179404453549892", "-2.788947772008877",], [ "0.010685750741899286", "0.9995438681730395", "0.028246598534303505", "-5.473623144203544",], [ "-0.014486180186870829", "-0.02809050414302107", "0.9995004122863522", "0.040691465217474326",], [ "0.0", "0.0", "0.0", "1.0",],]
frame_672 = [ [ "0.9998152774449405", "-0.011298603424811957", "0.015548393754186415", "-3.0571815055745324",], [ "0.010836218770893377", "0.9995058038600078", "0.029508039801165287", "-5.719891454433867",], [ "-0.01587410943756726", "-0.029334103204404105", "0.9994436067326453", "0.04983306017163238",], [ "0.0", "0.0", "0.0", "1.0",],]
frame_673 = [ [ "0.9997990542540884", "-0.011836440709224669", "0.016178683010584328", "-3.179618108609421",], [ "0.011355013594867578", "0.9994993478557883", "0.029531632229045444", "-5.7243290480856395",], [ "-0.016520132532170613", "-0.02934198880764912", "0.99943290565897", "0.051533474849749426",], [ "0.0", "0.0", "0.0", "1.0",],]
frame_674 = [ [ "0.9998078208952755", "-0.01225591674830982", "0.015300777146535436", "-3.00790559601489",], [ "0.01180294730290701", "0.999499460087758", "0.029351656158421925", "-5.688923183644242",], [ "-0.015652849951188295", "-0.029165421117067294", "0.9994520331158822", "0.048570438911503394",], [ "0.0", "0.0", "0.0", "1.0",],]
frame_675 = [ [ "0.9998065497155836", "-0.012313852844139033", "0.015337280526266348", "-3.014512727238101",], [ "0.01185686865553481", "0.9994933204362823", "0.029538399904821894", "-5.724939993703703",], [ "-0.01569324094934045", "-0.02935083357222823", "0.9994459719049962", "0.05048877153357861",], [ "0.0", "0.0", "0.0", "1.0",],]
frame_676 = [ [ "0.9998031512000327", "-0.011334865065109365", "0.016284338624310484", "-3.198919507840806",], [ "0.010842030292815073", "0.9994898843402444", "0.030040330901134792", "-5.823708806154032",], [ "-0.016616534825445374", "-0.029857862205385065", "0.9994160289063413", "0.05596291914661049",], [ "0.0", "0.0", "0.0", "1.0",],]
frame_677 = [ [ "0.999809186973738", "-0.011409755725881794", "0.015855822816178488", "-3.115414423317893",], [ "0.010923007285710355", "0.9994765096760859", "0.030453152834129128", "-5.903721080337736",], [ "-0.01619498548127726", "-0.03027414870773754", "0.999410425383527", "0.0565055919288969",], [ "0.0", "0.0", "0.0", "1.0",],]
frame_678 = [ [ "0.9998130922322661", "-0.011156759601197268", "0.015789468519983956", "-3.1026481536440125",], [ "0.01066525859973885", "0.9994662728312249", "0.030877527942742143", "-5.985789441087423",], [ "-0.016125534407990954", "-0.030703357928005017", "0.9993984545475347", "0.05868683270297889",], [ "0.0", "0.0", "0.0", "1.0",],]
frame_679 = [ [ "0.9998253497426467", "-0.011478106950609388", "0.014748663424611268", "-2.899363651953823",], [ "0.011045320346317646", "0.9995155395029974", "0.029097889794210286", "-5.63829717871113",], [ "-0.01507550697089348", "-0.028929904128065904", "0.9994677532250408", "0.04699706216816845",], [ "0.0", "0.0", "0.0", "1.0",],]
frame_680 = [ [ "0.9998281249500776", "-0.011419466963841628", "0.0146053528906979", "-2.8716658833902837",], [ "0.010989455001896745", "0.9995134409802126", "0.029190977692651096", "-5.656263249339884",], [ "-0.014931591929915248", "-0.02902545562352543", "0.9994671432759987", "0.04711665858143493",], [ "0.0", "0.0", "0.0", "1.0",],]
frame_681 = [ [ "0.9998307748033263", "-0.010912579857462214", "0.0148100424382132", "-2.911718012597991",], [ "0.010473121149350999", "0.9995118860747757", "0.029433031251156785", "-5.703445461143364",], [ "-0.015124003754241408", "-0.02927294307197397", "0.9994570322501846", "0.04856585078140727",], [ "0.0", "0.0", "0.0", "1.0",],]
frame_682 = [ [ "0.9998290452839558", "-0.011432351834336815", "0.014532086501831508", "-2.858311727810448",], [ "0.011001033962852576", "0.9995065515311811", "0.029421602573460427", "-5.700445817180152",], [ "-0.01486127377814834", "-0.02925670483459107", "0.9994614488632922", "0.0479951812259403",], [ "0.0", "0.0", "0.0", "1.0",],]
frame_683 = [ [ "0.9997841181372463", "-0.012509916282164042", "0.016589729206025142", "-3.2592903998701335",], [ "0.011976313769246301", "0.9994198527249005", "0.03188300311823165", "-6.181207605499142",], [ "-0.016978958419664597", "-0.03167743635381164", "0.9993539187880502", "0.06808702309019676",], [ "0.0", "0.0", "0.0", "1.0",],]
frame_684 = [ [ "0.9997840136667653", "-0.012509575712877323", "0.016596280662975773", "-3.260575694713005",], [ "0.011975761617996567", "0.9994198516188247", "0.0318832451904304", "-6.181253052750026",], [ "-0.016985498227297433", "-0.03167760574424651", "0.9993538022863989", "0.06809487909897913",], [ "0.0", "0.0", "0.0", "1.0",],]
frame_685 = [ [ "0.9998159689503849", "-0.011629333249101832", "0.01525735363586996", "-2.9990898723804036",], [ "0.011147964094948318", "0.9994489768733573", "0.03126444503477983", "-6.060862881525051",], [ "-0.01561253113132284", "-0.031088602975629716", "0.9993946906186246", "0.06004278856197862",], [ "0.0", "0.0", "0.0", "1.0",],]
frame_686 = [ [ "0.9998246724593675", "-0.010557202464027311", "0.015465116153395908", "-3.0400405590328066",], [ "0.01007612270885373", "0.9994728714882238", "0.030861803418396054", "-5.981687354803432",], [ "-0.015782778356826507", "-0.030700564086236854", "0.9994040120352354", "0.05794698956949225",], [ "0.0", "0.0", "0.0", "1.0",],]
frame_687 = [ [ "0.9998141832996403", "-0.010914416033554999", "0.01588944289479448", "-3.1228756525153294",], [ "0.0104236640649098", "0.9994759074466112", "0.030647310831957587", "-5.9398609903365225",], [ "-0.016215612856825358", "-0.030475989834871722", "0.9994039563376071", "0.05800718449208263",], [ "0.0", "0.0", "0.0", "1.0",],]
frame_688 = [ [ "0.9998141832996414", "-0.010914416033555452", "0.01588944289479423", "-3.1228756525152788",], [ "0.010423664064908841", "0.9994759074466114", "0.030647310831957816", "-5.939860990336569",], [ "-0.016215612856825146", "-0.030475989834871882", "0.999403956337608", "0.05800718449191221",], [ "0.0", "0.0", "0.0", "1.0",],]
frame_689 = [ [ "0.9998169228237708", "-0.010403754229906121", "0.016058727630705184", "-3.1553307127957138",], [ "0.009901563162240654", "0.9994690645494562", "0.031041070464362566", "-6.016400350516124",], [ "-0.016373145151059823", "-0.030876381046896093", "0.9993890980050308", "0.06104995665295091",], [ "0.0", "0.0", "0.0", "1.0",],]
frame_690 = [ [ "0.9998117820066982", "-0.010678804889532465", "0.016197644480289954", "-3.182076621475394",], [ "0.010183674136778073", "0.9994874986093495", "0.030348523929442133", "-5.882193489888439",], [ "-0.01651342913069644", "-0.030177860257999706", "0.999408126547205", "0.05762479425853233",], [ "0.0", "0.0", "0.0", "1.0",],]
frame_691 = [ [ "0.999811782006698", "-0.01067880488953249", "0.016197644480291745", "-3.182076621475743",], [ "0.01018367413677867", "0.9994874986093493", "0.030348523929442896", "-5.882193489888589",], [ "-0.0165134291306981", "-0.030177860258000393", "0.9994081265472048", "0.057624794258541785",], [ "0.0", "0.0", "0.0", "1.0",],]
frame_692 = [ [ "0.9998165718683669", "-0.010450450871865137", "0.016050255261201365", "-3.153376940245956",], [ "0.009949492413191286", "0.9994704590235856", "0.030980786624890094", "-6.004900045267643",], [ "-0.016365519181953753", "-0.03081541198413375", "0.9993911047063375", "0.06044847120011772",], [ "0.0", "0.0", "0.0", "1.0",],]
frame_693 = [ [ "0.9998122029751928", "-0.011053851667928582", "0.015917636293854797", "-3.1280029296147793",], [ "0.010567528431534802", "0.9994844066730034", "0.030319105533575846", "-5.876430696120844",], [ "-0.016244572162072465", "-0.0301452016216654", "0.9994135183668771", "0.05611082886529426",], [ "0.0", "0.0", "0.0", "1.0",],]
frame_694 = [ [ "0.9998108883783009", "-0.011180898881255185", "0.01591147323124988", "-3.12685600686302",], [ "0.010694415623339726", "0.9994824890756437", "0.03033782302051891", "-5.879788388768883",], [ "-0.016242443001499806", "-0.030161921877695855", "0.9994130485009628", "0.056215614335680134",], [ "0.0", "0.0", "0.0", "1.0",],]
frame_695 = [ [ "0.999810685536412", "-0.010708878818053883", "0.016245399399795364", "-3.191273511212801",], [ "0.010203734083887509", "0.99947147380407", "0.030865139926100585", "-5.982300829263814",], [ "-0.016567344323819993", "-0.030693532973131862", "0.9993915299499413", "0.0603298647389738",], [ "0.0", "0.0", "0.0", "1.0",],]
frame_696 = [ [ "0.9998160687373197", "-0.010975274136662896", "0.01572806575094526", "-3.091732159320369",], [ "0.010491950735112434", "0.9994800092156912", "0.030489836797982416", "-5.909221904881782",], [ "-0.016054521618939478", "-0.030319210672785403", "0.9994113256311276", "0.05719264027913778",], [ "0.0", "0.0", "0.0", "1.0",],]
frame_697 = [ [ "0.9998031355598165", "-0.012145959531136638", "0.015689671501204858", "-3.083490035143444",], [ "0.011652866847319546", "0.9994469187028518", "0.03114590486096256", "-6.037538910350056",], [ "-0.016059290737340776", "-0.03095694368695815", "0.9993916983938662", "0.06116860517954274",], [ "0.0", "0.0", "0.0", "1.0",],]
frame_698 = [ [ "0.9998127293800766", "-0.01215397899887389", "0.015059447667344896", "-2.9610105270241527",], [ "0.011668993594628262", "0.9994234399764996", "0.03188451370213431", "-6.181150307575371",], [ "-0.015438288701768926", "-0.03170281407112038", "0.9993781020324252", "0.06263123556944417",], [ "0.0", "0.0", "0.0", "1.0",],]
frame_699 = [ [ "0.999811617191049", "-0.011903121562871495", "0.015331204351469625", "-3.0134496009345364",], [ "0.011409081250784606", "0.9994253550208442", "0.0319185307692299", "-6.188098213915016",], [ "-0.015702324503718994", "-0.0317376029106298", "0.9993728841461863", "0.06366616917663974",], [ "0.0", "0.0", "0.0", "1.0",],]
frame_700 = [ [ "0.9998116171910492", "-0.011903121562871374", "0.01533120435146525", "-3.0134496009336855",], [ "0.01140908125078473", "0.999425355020844", "0.03191853076923319", "-6.188098213915653",], [ "-0.01570232450371458", "-0.0317376029106332", "0.999372884146186", "0.06366616917673236",], [ "0.0", "0.0", "0.0", "1.0",],]
frame_701 = [ [ "0.9998247872572678", "-0.010650938724872284", "0.01539325469890582", "-3.0261947717438185",], [ "0.010163271610926965", "0.9994546315367574", "0.031418902111321964", "-6.090130953524178",], [ "-0.015719500504436774", "-0.03125695129083021", "0.9993877627327108", "0.06062860140661554",], [ "0.0", "0.0", "0.0", "1.0",],]
frame_702 = [ [ "0.999823456115332", "-0.010785733968837362", "0.015385855333181611", "-3.02480937187772",], [ "0.01029794262081063", "0.9994526418264137", "0.03143833844171105", "-6.093609895546516",], [ "-0.01571651931436189", "-0.03127434553992382", "0.9993872654440272", "0.06074219873933525",], [ "0.0", "0.0", "0.0", "1.0",],]
frame_703 = [ [ "0.9998247488783419", "-0.010656880809796309", "0.01539163479794319", "-3.0258810732257846",], [ "0.010169237577566437", "0.9994545217537423", "0.03142046392217842", "-6.090432749480856",], [ "-0.015718083134993614", "-0.031258436259667316", "0.9993877385805577", "0.06063076431038619",], [ "0.0", "0.0", "0.0", "1.0",],]
frame_704 = [ [ "0.9998236917652722", "-0.010338947924355623", "0.015674550732502603", "-3.08034958523157",], [ "0.009838275365870763", "0.99944934984044", "0.031689200705327984", "-6.1426633530546475",], [ "-0.015993552534497486", "-0.03152940309195067", "0.999374856106552", "0.06283643763636247",], [ "0.0", "0.0", "0.0", "1.0",],]
frame_705 = [ [ "0.9998061814688978", "-0.01170396259719591", "0.015830879826843718", "-3.109867535039055",], [ "0.011196022005861677", "0.9994314734383608", "0.0318021853347605", "-6.165655245969518",], [ "-0.016194091138835128", "-0.03161877860300138", "0.9993688029210442", "0.06412224653736354",], [ "0.0", "0.0", "0.0", "1.0",],]
frame_706 = [ [ "0.9998061814688979", "-0.011703962597195916", "0.01583087982684401", "-3.109867535039112",], [ "0.011196022005861566", "0.9994314734383606", "0.031802185334760105", "-6.1656552459694405",], [ "-0.016194091138835385", "-0.031618778603001226", "0.9993688029210445", "0.06412224653730654",], [ "0.0", "0.0", "0.0", "1.0",],]
frame_707 = [ [ "0.9998032088657806", "-0.01174120682569632", "0.015990234643428042", "-3.1409795513197563",], [ "0.011230702459969231", "0.9994359143341028", "0.03165003098586025", "-6.1355017499649565",], [ "-0.016352824341115995", "-0.03146422097282128", "0.9993710962073311", "0.0645158623133515",], [ "0.0", "0.0", "0.0", "1.0",],]
frame_708 = [ [ "0.9998104669359053", "-0.012361533414739709", "0.015040701347673983", "-2.955411565729283",], [ "0.011894388952787995", "0.9994559800892138", "0.030761459252501785", "-5.961827688573679",], [ "-0.015412777713104559", "-0.030576728986924293", "0.9994135830213771", "0.05680417690888514",], [ "0.0", "0.0", "0.0", "1.0",],]
frame_709 = [ [ "0.9998321429754042", "-0.010985320203979403", "0.014663172003799916", "-2.882482088988155",], [ "0.010538098906712045", "0.9994872316274241", "0.030236108962196723", "-5.859391838603998",], [ "-0.01498780653162693", "-0.030076511662051712", "0.9994352250654426", "0.052489599808286824",], [ "0.0", "0.0", "0.0", "1.0",],]
frame_710 = [ [ "0.999816976202543", "-0.010521311840851665", "0.015978613655060946", "-3.1395401518321377",], [ "0.010026182127002306", "0.9994765973280237", "0.030757227858611545", "-5.961609341668138",], [ "-0.016293856791640037", "-0.03059139406333001", "0.9993991579144513", "0.05941969156876756",], [ "0.0", "0.0", "0.0", "1.0",],]
frame_711 = [ [ "0.9998193242723562", "-0.010949283148736947", "0.01553808257422665", "-3.053712143318422",], [ "0.010476202029141492", "0.999488729406582", "0.03020809461477224", "-5.854076086335453",], [ "-0.015860895390849422", "-0.03003985665310696", "0.9994228529554744", "0.05430538170470543",], [ "0.0", "0.0", "0.0", "1.0",],]
frame_712 = [ [ "0.9998306894540422", "-0.011403646481747281", "0.014441235153500603", "-2.8386911887133532",], [ "0.010972552251300926", "0.9995019823404282", "0.02958699705346067", "-5.734328556477111",], [ "-0.014771442818222588", "-0.029423530455544293", "0.999457883220998", "0.048189699945090946",], [ "0.0", "0.0", "0.0", "1.0",],]
frame_713 = [ [ "0.9998220395668658", "-0.011630265279977937", "0.014853488676221792", "-2.919846029086984",], [ "0.011189866927691366", "0.9995052047552206", "0.029396131469286935", "-5.696565588088142",], [ "-0.015188024047849743", "-0.029224691559302497", "0.9994574734968883", "0.04875192798060796",], [ "0.0", "0.0", "0.0", "1.0",],]
frame_714 = [ [ "0.9998220395668659", "-0.011630265279978227", "0.014853488676220513", "-2.919846029086735",], [ "0.011189866927691076", "0.9995052047552209", "0.02939613146928672", "-5.696565588088101",], [ "-0.015188024047848633", "-0.02922469155930243", "0.9994574734968876", "0.04875192798077491",], [ "0.0", "0.0", "0.0", "1.0",],]
frame_715 = [ [ "0.9998236683274284", "-0.011704624846393712", "0.014684481927387116", "-2.8868020040004314",], [ "0.011257789541687345", "0.9994819453138639", "0.030151337719009755", "-5.843825867383103",], [ "-0.015029784659329639", "-0.029980706276135465", "0.9994374731939342", "0.05050218817376189",], [ "0.0", "0.0", "0.0", "1.0",],]
frame_716 = [ [ "0.9998277909468469", "-0.011595658184006727", "0.014488932383483515", "-2.849163980905795",], [ "0.011168122621953639", "0.9995097891675894", "0.02924815199732282", "-5.6682448074916225",], [ "-0.01482098132495481", "-0.029081301027244235", "0.9994671662656679", "0.04711796410843334",], [ "0.0", "0.0", "0.0", "1.0",],]
frame_717 = [ [ "0.999830689454043", "-0.011403646481748417", "0.014441235153498743", "-2.83869118871299",], [ "0.010972552251300784", "0.9995019823404294", "0.029586997053462908", "-5.734328556477546",], [ "-0.01477144281822151", "-0.02942353045554679", "0.9994578832209965", "0.04818969994533376",], [ "0.0", "0.0", "0.0", "1.0",],]
frame_718 = [ [ "0.999821681926585", "-0.011745946380054797", "0.014786382015825284", "-2.9069384541960224",], [ "0.01128536484193848", "0.9994601199918965", "0.03085626494189521", "-5.980153991142115",], [ "-0.015140835177279878", "-0.030683892996440604", "0.9994144554791639", "0.05478013752574133",], [ "0.0", "0.0", "0.0", "1.0",],]
frame_719 = [ [ "0.9998216819265853", "-0.01174594638005473", "0.014786382015824962", "-2.9069384541959584",], [ "0.011285364841938261", "0.9994601199918968", "0.03085626494189532", "-5.980153991142139",], [ "-0.015140835177279393", "-0.03068389299644072", "0.9994144554791641", "0.054780137525683684",], [ "0.0", "0.0", "0.0", "1.0",],]
frame_720 = [ [ "0.9998160707293344", "-0.01046792533914117", "0.0160700731309664", "-3.158346852258028",], [ "0.00994847825333948", "0.9994360989127821", "0.032070422049569836", "-6.216411835302471",], [ "-0.016396721982866447", "-0.031904650587162756", "0.999356413287634", "0.06608022858821949",], [ "0.0", "0.0", "0.0", "1.0",],]
frame_721 = [ [ "0.9998166502667952", "-0.011827968717425542", "0.015058718580649992", "-2.9601029711067084",], [ "0.011362479893024337", "0.9994661864638859", "0.0306306409664004", "-5.935765443995721",], [ "-0.01541297829598101", "-0.03045392045946719", "0.9994173296619854", "0.054819077926194906",], [ "0.0", "0.0", "0.0", "1.0",],]
frame_722 = [ [ "0.9998145709716619", "-0.011439939093497503", "0.015490366886377543", "-3.0443612012165833",], [ "0.01094975638905438", "0.9994479321133112", "0.03136771954481832", "-6.078471316080977",], [ "-0.015840659953361758", "-0.031192287315282095", "0.9993878700005719", "0.06098927180927022",], [ "0.0", "0.0", "0.0", "1.0",],]
frame_723 = [ [ "0.9998024688546544", "-0.012731648012117756", "0.015261992367284606", "-2.9976461094942666",], [ "0.012244793776588695", "0.9994262316508198", "0.031579621809106714", "-6.120054277601036",], [ "-0.01565529614834882", "-0.0313865039010871", "0.9993847102469458", "0.06189208113619515",], [ "0.0", "0.0", "0.0", "1.0",],]
frame_724 = [ [ "0.9998006355237682", "-0.01279142767004348", "0.015331946530571221", "-3.0112646997140615",], [ "0.012302306946710273", "0.9994254290827647", "0.0315826684514686", "-6.1202581649403225",], [ "-0.015727124659114935", "-0.031387753677008516", "0.9993835432250543", "0.061953118441843355",], [ "0.0", "0.0", "0.0", "1.0",],]
frame_725 = [ [ "0.999796238714868", "-0.012798937056219038", "0.01560987705965054", "-3.0648186934911568",], [ "0.01229836669101794", "0.999420093292787", "0.03175259515952325", "-6.153159315760277",], [ "-0.016007224254064065", "-0.03155414921784936", "0.9993738561913721", "0.06334502553537522",], [ "0.0", "0.0", "0.0", "1.0",],]
frame_726 = [ [ "0.9997905880371271", "-0.012097394409333153", "0.01650554818433603", "-3.239891757083553",], [ "0.011554338395297483", "0.9994013870282222", "0.03260927583230782", "-6.3208210142609795",], [ "-0.01689015502023364", "-0.03241173637072986", "0.999331877810782", "0.0710489840681464",], [ "0.0", "0.0", "0.0", "1.0",],]
frame_727 = [ [ "0.9997883354319332", "-0.012796532611405561", "0.01611003064412054", "-3.162715062755754",], [ "0.012280774208685967", "0.9994214544810216", "0.03171653997315061", "-6.147926010731852",], [ "-0.01650657199616921", "-0.031511983056584994", "0.9993670636982058", "0.06435288068674662",], [ "0.0", "0.0", "0.0", "1.0",],]
frame_728 = [ [ "0.9997914493423797", "-0.012896087913375846", "0.01583504778583284", "-3.109326611646167",], [ "0.01238386256221212", "0.9994101754555527", "0.03203031601368358", "-6.20892277119856",], [ "-0.016238773657192944", "-0.03182753701477308", "0.9993614511865465", "0.06518385345424195",], [ "0.0", "0.0", "0.0", "1.0",],]
frame_729 = [ [ "0.9997844095710937", "-0.012945549766229535", "0.01623413440301874", "-3.186448105726757",], [ "0.012418856933775087", "0.9994063776370883", "0.03213509500165953", "-6.229338212953326",], [ "-0.016640503929382235", "-0.03192655759015431", "0.999351684117966", "0.06693373545850147",], [ "0.0", "0.0", "0.0", "1.0",],]
frame_730 = [ [ "0.9997856162247793", "-0.013010354641273439", "0.01610752191159154", "-3.1620985373823522",], [ "0.012492985850706203", "0.9994157251663168", "0.03181404713035794", "-6.167082966586274",], [ "-0.016512022727646958", "-0.03160599567150177", "0.9993640048265949", "0.0649489262829045",], [ "0.0", "0.0", "0.0", "1.0",],]
frame_731 = [ [ "0.9997986980904564", "-0.01290549716068089", "0.015362663820091457", "-3.0163883121299646",], [ "0.012427737310373178", "0.9994483589907818", "0.030798198907882896", "-5.9690172192814295",], [ "-0.015751655213278395", "-0.03060107602129294", "0.9994075542562083", "0.05838726637819495",], [ "0.0", "0.0", "0.0", "1.0",],]
frame_732 = [ [ "0.9998090161428521", "-0.012488198630214107", "0.015032502600030492", "-2.9527721969798666",], [ "0.012021752573333216", "0.9994554390797887", "0.030729509577671153", "-5.955285779720078",], [ "-0.01540807270599781", "-0.030542923710592577", "0.9994146892590136", "0.05708748346618487",], [ "0.0", "0.0", "0.0", "1.0",],]
frame_733 = [ [ "0.9997784264488923", "-0.013838867632488766", "0.01586139180568366", "-3.114283436194464",], [ "0.013333099847737027", "0.9994129017100394", "0.03156074054837905", "-6.117903675571476",], [ "-0.016288844520511808", "-0.03134226600235523", "0.9993759732483172", "0.06478317685490746",], [ "0.0", "0.0", "0.0", "1.0",],]
frame_734 = [ [ "0.9997716606233961", "-0.014255163863883327", "0.015919074016367767", "-3.1263870524683117",], [ "0.013744743109073887", "0.9994021171409186", "0.03172523114350937", "-6.15083889734228",], [ "-0.016361804643452448", "-0.03149918344112222", "0.9993698478498091", "0.06538835384187179",], [ "0.0", "0.0", "0.0", "1.0",],]
frame_735 = [ [ "0.9997716606233958", "-0.014255163863883468", "0.015919074016368707", "-3.1263870524684947",], [ "0.013744743109073969", "0.9994021171409186", "0.03172523114351014", "-6.15083889734243",], [ "-0.01636180464345345", "-0.03149918344112309", "0.999369847849809", "0.06538835384190873",], [ "0.0", "0.0", "0.0", "1.0",],]
frame_736 = [ [ "0.99977148481216", "-0.014129894987866588", "0.016041328626645535", "-3.149556883195411",], [ "0.013617674196231973", "0.9994077104726581", "0.03160359468917508", "-6.127488668301778",], [ "-0.016478382989893854", "-0.03137792720089008", "0.9993717469383508", "0.0648641861771865",], [ "0.0", "0.0", "0.0", "1.0",],]
frame_737 = [ [ "0.9997714848121602", "-0.014129894987866166", "0.016041328626644716", "-3.149556883195252",], [ "0.013617674196231354", "0.9994077104726574", "0.03160359468917595", "-6.127488668301947",], [ "-0.016478382989893313", "-0.03137792720089122", "0.9993717469383501", "0.06486418617733393",], [ "0.0", "0.0", "0.0", "1.0",],]
frame_738 = [ [ "0.9997845380418054", "-0.0146585080622208", "0.014697130124995813", "-2.886898982843925",], [ "0.014197769235632719", "0.9994192311026627", "0.03097779609471714", "-6.005320521161473",], [ "-0.0151426827627453", "-0.03076245509617374", "0.9994120123928859", "0.05654173212657976",], [ "0.0", "0.0", "0.0", "1.0",],]
frame_739 = [ [ "0.9997890106723216", "-0.014451053922466907", "0.01459798545617727", "-2.8673705645193244",], [ "0.014001003834769949", "0.9994374622372716", "0.03047508766735425", "-5.908354601972421",], [ "-0.015030170673273203", "-0.03026427129874882", "0.9994289208604495", "0.05338910755336978",], [ "0.0", "0.0", "0.0", "1.0",],]
frame_740 = [ [ "0.9997975689366778", "-0.014146798153788689", "0.0143069650972436", "-2.8100867803782283",], [ "0.013705638161567594", "0.9994414979131594", "0.030477003325079067", "-5.909537644271253",], [ "-0.014730126641754528", "-0.030274747746080383", "0.9994330708046559", "0.05268697962838135",], [ "0.0", "0.0", "0.0", "1.0",],]
frame_741 = [ [ "0.9998050476375077", "-0.013630306280588174", "0.014285708566412498", "-2.8069302538396714",], [ "0.013203879736612072", "0.9994766598661304", "0.029530728787746263", "-5.72411230544425",], [ "-0.014680745159846647", "-0.029336344924544122", "0.9994617824549441", "0.04724436269855007",], [ "0.0", "0.0", "0.0", "1.0",],]
frame_742 = [ [ "0.9998095404952464", "-0.01246970892828449", "0.015012964194781821", "-2.9522262425118826",], [ "0.012015773664459693", "0.999478996564077", "0.029955911111226294", "-5.804507011202062",], [ "-0.015378683881093327", "-0.029769813343438402", "0.99943846948953", "0.05127880177905348",], [ "0.0", "0.0", "0.0", "1.0",],]
frame_743 = [ [ "0.999809540495246", "-0.012469708928284924", "0.015012964194781075", "-2.9522262425117374",], [ "0.012015773664459727", "0.9994789965640763", "0.029955911111225423", "-5.804507011201893",], [ "-0.0153786838810928", "-0.029769813343437514", "0.9994384694895287", "0.05127880177930275",], [ "0.0", "0.0", "0.0", "1.0",],]
