frame_93 = [ [ "1.0", "0.0", "0.0", "0.0",], [ "0.0", "1.0", "0.0", "0.0",], [ "0.0", "0.0", "1.0", "0.0",], [ "0.0", "0.0", "0.0", "1.0",],]
frame_94 = [ [ "0.9999487575411302", "-0.0004956833468420139", "-0.010111211103050367", "1.9509733907879991",], [ "0.0006999001910665514", "0.9997956426382826", "0.02020354179905398", "-3.958762178140744",], [ "0.010099130243408744", "-0.020209583358477133", "0.9997447575800549", "0.02877305834443603",], [ "0.0", "0.0", "0.0", "1.0",],]
frame_95 = [ [ "0.9999491360475571", "-0.00025804043121896257", "-0.01008259554297364", "1.943849733126411",], [ "0.0004531719118016717", "0.9998125560693205", "0.01935580949872855", "-3.7926803845236137",], [ "0.010075711040205127", "-0.019359394134851618", "0.9997618185876905", "0.025573698018250962",], [ "0.0", "0.0", "0.0", "1.0",],]
frame_96 = [ [ "0.9999487575411318", "-0.0004956833468426292", "-0.010111211103046086", "1.9509733907871654",], [ "0.0006999001910662103", "0.9997956426382835", "0.02020354179905068", "-3.958762178140102",], [ "0.010099130243405358", "-0.020209583358472945", "0.9997447575800551", "0.02877305834445358",], [ "0.0", "0.0", "0.0", "1.0",],]
frame_97 = [ [ "0.9999487575411318", "-0.0004956833468428121", "-0.010111211103046818", "1.950973390787307",], [ "0.0006999001910663565", "0.9997956426382839", "0.02020354179904906", "-3.958762178139787",], [ "0.010099130243405816", "-0.02020958335847144", "0.9997447575800553", "0.02877305834433481",], [ "0.0", "0.0", "0.0", "1.0",],]
frame_98 = [ [ "0.9999487575411321", "-0.0004956833468427444", "-0.010111211103043737", "1.9509733907867082",], [ "0.0006999001910655683", "0.9997956426382844", "0.02020354179905169", "-3.9587621781402995",], [ "0.010099130243402797", "-0.020209583358473844", "0.9997447575800555", "0.028773058344338426",], [ "0.0", "0.0", "0.0", "1.0",],]
frame_99 = [ [ "0.9999591470012767", "0.0007085232153991205", "-0.009011233175234223", "1.7356927549271235",], [ "-0.0005272150748482454", "0.9997977004591094", "0.020106720293094377", "-3.937292563349316",], [ "0.009023656285014467", "-0.020101148015300833", "0.9997572292690461", "0.028188746906688746",], [ "0.0", "0.0", "0.0", "1.0",],]
frame_100 = [ [ "0.999959147001277", "0.0007085232153992542", "-0.00901123317523359", "1.7356927549269996",], [ "-0.0005272150748492848", "0.9997977004591095", "0.020106720293098408", "-3.9372925633500993",], [ "0.009023656285014238", "-0.020101148015304382", "0.999757229269047", "0.028188746906474892",], [ "0.0", "0.0", "0.0", "1.0",],]
frame_101 = [ [ "0.999959147001277", "0.0007085232153985479", "-0.009011233175232084", "1.7356927549267072",], [ "-0.0005272150748496689", "0.9997977004591094", "0.020106720293095993", "-3.937292563349628",], [ "0.009023656285013042", "-0.020101148015301364", "0.9997572292690479", "0.028188746906375604",], [ "0.0", "0.0", "0.0", "1.0",],]
frame_102 = [ [ "0.99996189542389", "0.000536205552564496", "-0.00871321891571923", "1.67952759674358",], [ "-0.0003585958779893007", "0.9997923901814434", "0.02037272549950431", "-3.9893244185833785",], [ "0.008722333934456787", "-0.020368824681044145", "0.9997544857973166", "0.02985166846212415",], [ "0.0", "0.0", "0.0", "1.0",],]
frame_103 = [ [ "0.9999591470012773", "0.0007085232153979603", "-0.009011233175233842", "1.7356927549270493",], [ "-0.0005272150748503331", "0.9997977004591103", "0.020106720293098693", "-3.9372925633501534",], [ "0.009023656285015384", "-0.02010114801530312", "0.9997572292690493", "0.028188746906088392",], [ "0.0", "0.0", "0.0", "1.0",],]
frame_104 = [ [ "0.9999618954238901", "0.0005362055525626473", "-0.008713218915714185", "1.6795275967425993",], [ "-0.00035859587798984556", "0.9997923901814438", "0.020372725499500068", "-3.9893244185825525",], [ "0.008722333934452212", "-0.02036882468103905", "0.9997544857973183", "0.029851668461769544",], [ "0.0", "0.0", "0.0", "1.0",],]
frame_106 = [ [ "0.9999659382211751", "0.0006296162687921649", "-0.008229579625044498", "1.585820647175092",], [ "-0.0004623973624439545", "0.9997937175005916", "0.020305384385207573", "-3.9763222272718988",], [ "0.008240666607145765", "-0.02030088741177877", "0.9997599538810176", "0.029245434664165043",], [ "0.0", "0.0", "0.0", "1.0",],]
frame_107 = [ [ "0.9999659382211751", "0.0006296162687917099", "-0.008229579625044808", "1.5858206471751533",], [ "-0.00046239736244354645", "0.9997937175005913", "0.02030538438520535", "-3.9763222272714662",], [ "0.008240666607145956", "-0.02030088741177665", "0.9997599538810169", "0.0292454346643559",], [ "0.0", "0.0", "0.0", "1.0",],]
frame_108 = [ [ "0.9999659382211752", "0.0006296162687923096", "-0.008229579625047464", "1.585820647175669",], [ "-0.00046239736244386244", "0.9997937175005912", "0.020305384385207376", "-3.9763222272718597",], [ "0.00824066660714841", "-0.020300887411778733", "0.9997599538810166", "0.029245434664396525",], [ "0.0", "0.0", "0.0", "1.0",],]
frame_109 = [ [ "0.999965938221175", "0.0006296162687928123", "-0.008229579625051447", "1.5858206471764429",], [ "-0.0004623973624443291", "0.9997937175005911", "0.020305384385211244", "-3.976322227272612",], [ "0.008240666607152388", "-0.020300887411782396", "0.9997599538810161", "0.029245434664474268",], [ "0.0", "0.0", "0.0", "1.0",],]
frame_110 = [ [ "0.9999601285377406", "0.0012349297664887504", "-0.008843997018484892", "1.7038061761097132",], [ "-0.0010588731050600565", "0.9998017330160573", "0.019883999744511518", "-3.8935715715125263",], [ "0.008866798889033507", "-0.019873842269777613", "0.9997631770929074", "0.026571127712681237",], [ "0.0", "0.0", "0.0", "1.0",],]
frame_111 = [ [ "0.9999745438760929", "0.0015063050076818713", "-0.006974427935645697", "1.3428254633791308",], [ "-0.0013588533633445952", "0.9997764797037578", "0.021098439485081506", "-4.129643127459179",], [ "0.007004649694500149", "-0.02108842517572907", "0.9997530761174346", "0.03137327346466486",], [ "0.0", "0.0", "0.0", "1.0",],]
frame_112 = [ [ "0.9999703307891658", "0.0012753759076462809", "-0.007596772848250311", "1.461906264309511",], [ "-0.0011157704639834125", "0.9997793369796539", "0.020976949368405638", "-4.106230732315673",], [ "0.007621850017251646", "-0.020967850744101152", "0.9997510973424825", "0.030463388519765603",], [ "0.0", "0.0", "0.0", "1.0",],]
frame_113 = [ [ "0.9999667116337663", "0.0011842826456669679", "-0.008072985753405914", "1.554167743393373",], [ "-0.0010141206527430491", "0.999777919269818", "0.02104955343525735", "-4.1202557724744855",], [ "0.00809612151967022", "-0.021040665748426175", "0.9997458393017757", "0.031034556419255042",], [ "0.0", "0.0", "0.0", "1.0",],]
frame_114 = [ [ "0.9999644379932974", "0.0007647890294730758", "-0.008398681235602449", "1.6191623759790563",], [ "-0.0005949269841188397", "0.9997956052725022", "0.02020875403592369", "-3.957650266933732",], [ "0.00841242002282908", "-0.020203038769972804", "0.9997605055281142", "0.028503566455141818",], [ "0.0", "0.0", "0.0", "1.0",],]
frame_115 = [ [ "0.9999653998354198", "0.000854096758091234", "-0.008274639008834427", "1.5947797571281823",], [ "-0.0006862728311469941", "0.9997944412244912", "0.020263374008780897", "-3.9677150224625635",], [ "0.008290244966224295", "-0.020256994232759055", "0.9997604343156751", "0.02822147189271104",], [ "0.0", "0.0", "0.0", "1.0",],]
frame_116 = [ [ "0.999974178530822", "0.0002548502081491626", "-0.0071817353745202", "1.3822915059997893",], [ "-0.0001190212340126651", "0.9998212358793415", "0.018907197535970838", "-3.7048414838121904",], [ "0.007185270041142908", "-0.018905854545337844", "0.999795449358698", "0.021666468260346756",], [ "0.0", "0.0", "0.0", "1.0",],]
frame_117 = [ [ "0.999986170412633", "-0.004632629797970281", "-0.0024895229748193334", "0.46768517060125214",], [ "0.004685431279669973", "0.9997548566433406", "0.021639624575941836", "-4.240247866462386",], [ "0.0023886643151779", "-0.02165098979767297", "0.9997627363147633", "0.03015200595124019",], [ "0.0", "0.0", "0.0", "1.0",],]
frame_118 = [ [ "0.9999852846656061", "-0.005423073111679469", "-0.00014398014760759684", "0.006791791170320089",], [ "0.005424973622595088", "0.9996832188074929", "0.02457705629026629", "-4.807711575743367",], [ "1.0651364277152429e-05", "-0.0245774757191601", "0.9996979281632196", "0.04757419489759656",], [ "0.0", "0.0", "0.0", "1.0",],]
frame_119 = [ [ "0.9998939941645857", "-0.007269051925214797", "-0.012615915254559075", "2.430875937419565",], [ "0.007412959650084188", "0.9999075646880667", "0.011397811580110176", "-2.244267074113074",], [ "0.012531897814292002", "-0.01149012461629485", "0.999855453839947", "-0.0005786249066609636",], [ "0.0", "0.0", "0.0", "1.0",],]
frame_120 = [ [ "0.9999885618753368", "-0.004779564742693544", "-0.00017854796070256146", "0.005089020614131699",], [ "0.004782237033295016", "0.999774184971666", "0.02070529577688881", "-4.04358097607517",], [ "7.954534021190911e-05", "-0.02070591280579629", "0.9997856064414162", "0.020728413831712318",], [ "0.0", "0.0", "0.0", "1.0",],]
frame_121 = [ [ "0.9999535864684467", "0.005883111492171423", "0.007629803933917112", "-1.5162769143510142",], [ "-0.0060594744939470755", "0.9997101154249781", "0.02330167131011144", "-4.538060039582015",], [ "-0.0074905058411702", "-0.023346822399577867", "0.9996993639120205", "0.043262568639322506",], [ "0.0", "0.0", "0.0", "1.0",],]
frame_122 = [ [ "0.9997794933627959", "0.011266929364500449", "0.017720636386314347", "-3.4817685128366596",], [ "-0.01166221730113921", "0.999681876155016", "0.022363791601993734", "-4.325744929144201",], [ "-0.017463027769024593", "-0.02256552214975556", "0.9995928370447938", "0.07295453480233656",], [ "0.0", "0.0", "0.0", "1.0",],]
frame_123 = [ [ "0.999802214563406", "0.012060797908134866", "0.015813567211008715", "-3.112246480414033",], [ "-0.012443668164556502", "0.9996262678164992", "0.024340908238503548", "-4.707267179860739",], [ "-0.015514086396836189", "-0.02453287274420351", "0.9995786368656553", "0.07214736401586717",], [ "0.0", "0.0", "0.0", "1.0",],]
frame_124 = [ [ "0.9998108700983254", "0.01375655056053253", "0.013747048771066108", "-2.7123609447545776",], [ "-0.014098439093428172", "0.9995857642062537", "0.025090516362485733", "-4.850122069305874",], [ "-0.013396195294471721", "-0.025279582925397334", "0.9995906585391656", "0.06913357882278724",], [ "0.0", "0.0", "0.0", "1.0",],]
frame_125 = [ [ "0.9998748170060457", "0.008968784071373581", "0.013035000169411538", "-2.5710628981824546",], [ "-0.009261067981243244", "0.9997030833309426", "0.022538362816731022", "-4.367795993050886",], [ "-0.012828988151149794", "-0.022656259419689816", "0.9996609980248989", "0.05022112851929755",], [ "0.0", "0.0", "0.0", "1.0",],]
frame_126 = [ [ "0.9998650964789831", "0.01598493599151972", "0.0037776532969411277", "-0.7707174984658748",], [ "-0.01607545549449669", "0.9995509502302247", "0.02528789482158513", "-4.899587060006098",], [ "-0.0033717315625094537", "-0.025345210892972748", "0.9996730724147147", "0.045792359152756",], [ "0.0", "0.0", "0.0", "1.0",],]
frame_127 = [ [ "0.9998918708070951", "0.014392258983913836", "0.003018207289181271", "-0.6227879377726839",], [ "-0.014462549191222356", "0.9995896073483693", "0.024727546421616526", "-4.791010778289695",], [ "-0.0026610833869462596", "-0.024768523623357182", "0.9996896712844157", "0.04174252896458336",], [ "0.0", "0.0", "0.0", "1.0",],]
frame_128 = [ [ "0.9998882805188555", "0.014934043030562724", "-0.0006331191210347192", "0.08446922210968254",], [ "-0.014918577599262335", "0.9996925142670999", "0.019806891748756904", "-3.8338288653489867",], [ "0.0009287214196212306", "-0.0197952336963399", "0.9998036238179214", "0.010793868887647426",], [ "0.0", "0.0", "0.0", "1.0",],]
frame_129 = [ [ "0.9998515303784045", "0.017085138192046642", "-0.002239476040238664", "0.39371495051103483",], [ "-0.017049249200144306", "0.999739576321912", "0.015169134365678726", "-2.9291329879809997",], [ "0.0024980595845485285", "-0.015128700824940671", "0.9998824341439745", "-0.00962283795407001",], [ "0.0", "0.0", "0.0", "1.0",],]
frame_130 = [ [ "0.9998289623829653", "0.018456145987964086", "-0.0011902333758146537", "0.1895863438511323",], [ "-0.018432194243704444", "0.9996733124479189", "0.017706569254856346", "-3.422924966952147",], [ "0.0015166395685063945", "-0.01768160215265569", "0.9998425179745826", "0.000805967895413363",], [ "0.0", "0.0", "0.0", "1.0",],]
frame_131 = [ [ "0.9998501623223621", "0.01549131383423594", "-0.007724771818670383", "1.4656870426495991",], [ "-0.015373109295079485", "0.999767294747681", "0.015133534402574233", "-2.9276022181338344",], [ "0.007957412554553095", "-0.015012513067465165", "0.999855641598754", "-0.010032818771341165",], [ "0.0", "0.0", "0.0", "1.0",],]
frame_132 = [ [ "0.9998529262724398", "0.01494208701516445", "-0.008417829891683042", "1.600239812719337",], [ "-0.014766007024794763", "0.9996786463941776", "0.02060507170717191", "-3.993120829668417",], [ "0.008723007566103676", "-0.020477743507142317", "0.9997522548911196", "0.01457732284901331",], [ "0.0", "0.0", "0.0", "1.0",],]
frame_133 = [ [ "0.9999227919329355", "0.010909867164704117", "-0.0059485268350339526", "1.1246060748359359",], [ "-0.010755106476305627", "0.999618092059707", "0.025455799174364007", "-4.9373214154881",], [ "0.0062239744329737655", "-0.025389856741813183", "0.9996582502620137", "0.041490390660192555",], [ "0.0", "0.0", "0.0", "1.0",],]
frame_134 = [ [ "0.9998107988012177", "0.01896062105874654", "-0.004342977038109537", "0.8094046716790397",], [ "-0.01885683663569849", "0.9995620449281971", "0.022806535271002046", "-4.408431118893845",], [ "0.004773501082233235", "-0.022720325438654855", "0.9997304639248537", "0.028023389063476352",], [ "0.0", "0.0", "0.0", "1.0",],]
frame_135 = [ [ "0.9998032421408619", "0.019226853163350172", "-0.00487904930014492", "0.9134137183341383",], [ "-0.019132773369078846", "0.999643043602873", "0.018647315077617303", "-3.5962370151454794",], [ "0.005235836881181265", "-0.018550296327293457", "0.9998142190018845", "0.006797420466706234",], [ "0.0", "0.0", "0.0", "1.0",],]
frame_136 = [ [ "0.9997475054766968", "0.022230361877421903", "-0.003276629966587299", "0.5952600668669166",], [ "-0.022173587025422346", "0.999618798393861", "0.016449618112678352", "-3.16828408871659",], [ "0.003641061873379479", "-0.016372810034465408", "0.9998593269855693", "-0.0013434703526142957",], [ "0.0", "0.0", "0.0", "1.0",],]
frame_137 = [ [ "0.9998342573022753", "0.01702083031096995", "-0.006461366755582489", "1.219098707183786",], [ "-0.01690965387864607", "0.9997143932957294", "0.016887730548141616", "-3.2573064804227867",], [ "0.006746964541923449", "-0.016775672054687694", "0.9998365142845139", "0.0029304200062793997",], [ "0.0", "0.0", "0.0", "1.0",],]
frame_138 = [ [ "0.9998177331195409", "0.018982953420632498", "-0.0020366686405701713", "0.3559538326653387",], [ "-0.018936202714280686", "0.9996014965010227", "0.020934861348749167", "-4.042899537052323",], [ "0.002433262518849412", "-0.020892478846623503", "0.9997787673086395", "0.019707434993814416",], [ "0.0", "0.0", "0.0", "1.0",],]
frame_139 = [ [ "0.9998491539071246", "0.01695131997912219", "-0.0037844659057801214", "0.6973045497361968",], [ "-0.01687724680265748", "0.9996805315685853", "0.01881471081691336", "-3.6324873012700496",], [ "0.004102191071773824", "-0.01874800132617479", "0.9998158252771902", "0.013887793938716675",], [ "0.0", "0.0", "0.0", "1.0",],]
frame_140 = [ [ "0.9998318755451593", "0.01833082981354537", "-0.00044868944234060094", "0.04632226931077433",], [ "-0.0183177817423247", "0.9996220042541748", "0.02050140197446378", "-3.9605433856601233",], [ "0.0008243275501816318", "-0.02048973619214313", "0.9997897234893401", "0.021353664977282926",], [ "0.0", "0.0", "0.0", "1.0",],]
frame_141 = [ [ "0.9997463914529954", "0.02233604531616999", "0.0028729525523904717", "-0.6032102808766003",], [ "-0.022394877910764208", "0.9994981673462414", "0.022402743467698053", "-4.327181730060243",], [ "-0.002371122117677241", "-0.022461401362116693", "0.9997448990761494", "0.03318377871119347",], [ "0.0", "0.0", "0.0", "1.0",],]
frame_142 = [ [ "0.9997455737482039", "0.021382057449565946", "0.007182993117018466", "-1.4394715381100418",], [ "-0.021567224114491308", "0.9994088194625314", "0.026774361327920233", "-5.179811218139069",], [ "-0.006606255739188701", "-0.026922466449874838", "0.9996156952476242", "0.06361128854063494",], [ "0.0", "0.0", "0.0", "1.0",],]
frame_143 = [ [ "0.9998633087468687", "0.014572073023911064", "0.00781143453987199", "-1.5570575877044743",], [ "-0.014722840792139306", "0.9996994152324895", "0.019604008336064585", "-3.7888399520096905",], [ "-0.007523415500593587", "-0.01971633514667175", "0.9997773073778058", "0.03651901016552522",], [ "0.0", "0.0", "0.0", "1.0",],]
frame_144 = [ [ "0.9997899310841636", "0.019580019418563212", "0.006059417654493989", "-1.21619837697569",], [ "-0.019669894061552583", "0.9996917962167517", "0.015146215518856683", "-2.9142339392524437",], [ "-0.005760986925063112", "-0.01526222187310713", "0.9998669289526337", "0.015478544506339885",], [ "0.0", "0.0", "0.0", "1.0",],]
frame_145 = [ [ "0.9998495286809186", "0.016888919674927394", "-0.003960352102856651", "0.7365955899072388",], [ "-0.01684057258343002", "0.999786906350951", "0.011938886223962317", "-2.2944173964039636",], [ "0.004161143067428715", "-0.011870395166944714", "0.9999208861739902", "-0.011734555158125534",], [ "0.0", "0.0", "0.0", "1.0",],]
frame_146 = [ [ "0.9989851612337748", "0.04499172926591775", "0.0020956937778106905", "-0.4829324190740763",], [ "-0.04501888447785269", "0.9988657599076175", "0.015507860089644365", "-2.953513689780583",], [ "-0.0013955913152509005", "-0.015586467908112776", "0.9998775496744863", "0.0034157618791824233",], [ "0.0", "0.0", "0.0", "1.0",],]
frame_147 = [ [ "0.9989285052364997", "0.04612373393270419", "0.0038003413133077366", "-0.8148173368964866",], [ "-0.046175517131917546", "0.9988221870072309", "0.014901689827160372", "-2.8336190520385243",], [ "-0.00310854364518724", "-0.015061205469947056", "0.999881741530579", "0.005312305764818705",], [ "0.0", "0.0", "0.0", "1.0",],]
frame_148 = [ [ "0.9989727979468054", "0.04530258817705432", "0.0010121594786106588", "-0.2707547605974303",], [ "-0.04531238560928138", "0.998872555211617", "0.01415648810344501", "-2.689607031091816",], [ "-0.00036969277408869454", "-0.014187809890376216", "0.9998992796165986", "-0.0015211146284176801",], [ "0.0", "0.0", "0.0", "1.0",],]
frame_149 = [ [ "0.9988574378148181", "0.04777736639872191", "-0.0010687291698425968", "0.1303844811128323",], [ "-0.04775809873798698", "0.9987634877631966", "0.013807951189089715", "-2.6173810534836974",], [ "0.00172711521633218", "-0.013741134272972523", "0.9999040945520467", "-0.006228953584661594",], [ "0.0", "0.0", "0.0", "1.0",],]
frame_150 = [ [ "0.9988673113450753", "0.04757733001859177", "-0.0007014232549268928", "0.0587839230089814",], [ "-0.04756383579523502", "0.9987798568494571", "0.013284542755946939", "-2.5161952398751506",], [ "0.0013326104930014432", "-0.013236133124545253", "0.9999115105494137", "-0.007154274098987855",], [ "0.0", "0.0", "0.0", "1.0",],]
frame_151 = [ [ "0.9988774557655656", "0.04726042522163851", "0.003206332983802352", "-0.6978980473715828",], [ "-0.04730592505799821", "0.9987518869807536", "0.016025532964789032", "-3.052637084563707",], [ "-0.002444957615532743", "-0.01615922214298187", "0.9998664419421338", "0.009018167585540323",], [ "0.0", "0.0", "0.0", "1.0",],]
frame_152 = [ [ "0.998907792952019", "0.04661082552841241", "0.003263759076492722", "-0.7060108768193908",], [ "-0.04665254730246152", "0.9988109089553276", "0.01415302024433117", "-2.690813519033389",], [ "-0.002600194212484716", "-0.01428982489055353", "0.9998945143837342", "0.0038856702704918155",], [ "0.0", "0.0", "0.0", "1.0",],]
frame_153 = [ [ "0.9988053720887841", "0.048247721346364555", "-0.007745067558955508", "1.4352907169329898",], [ "-0.04811678167138386", "0.9987089481903622", "0.016285334694196723", "-3.1057759582919937",], [ "0.00852079856583615", "-0.01589321205404613", "0.9998373876798348", "0.009206170804065111",], [ "0.0", "0.0", "0.0", "1.0",],]
frame_154 = [ [ "0.9987526964150484", "0.049610780963090316", "-0.005641082868268756", "1.0264795793618116",], [ "-0.04944718992912337", "0.9984340515344707", "0.026161424743094304", "-5.021006181683585",], [ "0.006930137935830427", "-0.02584985780821388", "0.9996418148714653", "0.053164350358856964",], [ "0.0", "0.0", "0.0", "1.0",],]
frame_155 = [ [ "0.9987885154383721", "0.04848424606031286", "-0.008413044181452913", "1.5634138482459201",], [ "-0.048268192989426", "0.9985406881595115", "0.024221387975889207", "-4.647617225478167",], [ "0.009575122661020707", "-0.02378596169809874", "0.9996712184774322", "0.04081180901007097",], [ "0.0", "0.0", "0.0", "1.0",],]
frame_156 = [ [ "0.9988536769912013", "0.04740269347813722", "-0.006657072344437622", "1.2303071825451721",], [ "-0.04730879046251719", "0.998787476487315", "0.013618192137298967", "-2.591027022598683",], [ "0.00729453947531614", "-0.013287643249659382", "0.9998851075152307", "-0.0001648386649067581",], [ "0.0", "0.0", "0.0", "1.0",],]
frame_157 = [ [ "0.9983486983638721", "0.056030695194121065", "0.012666399300952409", "-2.531332190723173",], [ "-0.056359932867300115", "0.9980363365784058", "0.0273318282660114", "-5.2327633638263436",], [ "-0.011110105417279066", "-0.02800057258753056", "0.9995461637625449", "0.09619198111285336",], [ "0.0", "0.0", "0.0", "1.0",],]
frame_158 = [ [ "0.9986052463344373", "0.052796743570573734", "0.00025663535684455376", "-0.12578792638572078",], [ "-0.052794366098944126", "0.9985885122867699", "-0.005808445327128412", "1.2279548412602583",], [ "-0.0005629401176604624", "0.005786795075751613", "0.9999830979077636", "-0.015069398080245147",], [ "0.0", "0.0", "0.0", "1.0",],]
frame_159 = [ [ "0.9978069525040505", "0.0654151114199085", "0.010106865613333595", "-2.0344887216894882",], [ "-0.06495089012370787", "0.9970489335575", "-0.04092439326371367", "8.10083068284311",], [ "-0.012754113326510325", "0.0401781942076138", "0.9991111276046852", "0.15666137562934312",], [ "0.0", "0.0", "0.0", "1.0",],]
frame_160 = [ [ "0.9977157754276732", "0.06728172509500788", "0.006033318408814352", "-1.2454077977330156",], [ "-0.06692245968773146", "0.9966340958111062", "-0.04734832052075202", "9.34996925072235",], [ "-0.009198687522085766", "0.0468364018155803", "0.9988602182552258", "0.19898068113443063",], [ "0.0", "0.0", "0.0", "1.0",],]
frame_161 = [ [ "0.9857770444220393", "0.16751158439788688", "-0.013545766241964801", "2.4662806333616487",], [ "-0.16805837490396439", "0.9825870925558239", "-0.07924006667936198", "15.770275895612052",], [ "3.6265950890065926e-05", "0.08038951819245783", "0.9967635246384193", "0.5841081029386511",], [ "0.0", "0.0", "0.0", "1.0",],]
frame_162 = [ [ "0.9831195938642233", "0.1828534200876528", "-0.00636324779609283", "1.0528589182796735",], [ "-0.18288922290052667", "0.981127787336624", "-0.06276780275586855", "12.593434254803146",], [ "-0.005234148174830781", "0.0628720261976687", "0.998007871719819", "0.36811326553507173",], [ "0.0", "0.0", "0.0", "1.0",],]
frame_163 = [ [ "0.9836755811405399", "0.17910451428499874", "-0.017433417065469314", "3.2137059938801356",], [ "-0.17992561930240814", "0.9805366944728718", "-0.07857838322895523", "15.665452590396537",], [ "0.0030203619812313102", "0.08043235514990642", "0.9967554934178107", "0.5925734162930153",], [ "0.0", "0.0", "0.0", "1.0",],]
frame_164 = [ [ "0.9863231975849932", "0.16180577322226683", "-0.03139174505636512", "5.930396961017514",], [ "-0.16410669855777624", "0.9817965818512939", "-0.09562668745491917", "18.98717708642478",], [ "0.015347357890370701", "0.09947041578818128", "0.9949221552406775", "0.938605284373349",], [ "0.0", "0.0", "0.0", "1.0",],]
frame_165 = [ [ "0.9833879165644662", "0.17418640644061348", "-0.05106174072952974", "9.73862961401084",], [ "-0.17760584577928362", "0.9814233480827339", "-0.07255601548544394", "14.527316737788103",], [ "0.03747491294266062", "0.08041957255169846", "0.9960563855779389", "0.721407217822143",], [ "0.0", "0.0", "0.0", "1.0",],]
frame_166 = [ [ "0.9832352558582358", "0.16724373078927376", "-0.0726496121744606", "13.93201199535264",], [ "-0.1740903777985841", "0.9795124102647231", "-0.10123229966448351", "20.101789616444844",], [ "0.05423072925354842", "0.11218276449211492", "0.9922066596004993", "1.4409802159186955",], [ "0.0", "0.0", "0.0", "1.0",],]
frame_167 = [ [ "0.9824353492048785", "0.17242840163151713", "-0.07133884596426969", "13.673621409166637",], [ "-0.1791272808325166", "0.9785648905952319", "-0.10160793352839277", "20.183682269154254",], [ "0.05228959642484455", "0.11260195915327861", "0.9922633707341092", "1.431302702954441",], [ "0.0", "0.0", "0.0", "1.0",],]
frame_168 = [ [ "0.9736242502419123", "0.22309498126732477", "-0.0477959064589254", "9.036428001411693",], [ "-0.22601418660678352", "0.9717242668313602", "-0.06833400839666415", "13.800995853074653",], [ "0.031199467838177102", "0.0773342006126935", "0.9965169414627415", "0.651310117031017",], [ "0.0", "0.0", "0.0", "1.0",],]
frame_169 = [ [ "0.9595213719536593", "0.2667918653828766", "0.09022658881794436", "-17.900318759026284",], [ "-0.26732989513424227", "0.9635845213315067", "-0.006292647922567053", "1.8021477439367528",], [ "-0.08861977167495619", "-0.01808233435911291", "0.9959013832967829", "0.9208651849180882",], [ "0.0", "0.0", "0.0", "1.0",],]
frame_170 = [ [ "0.9603651937250137", "0.26955520830616075", "0.07098369077872495", "-14.167329347052432",], [ "-0.26855012699970826", "0.9629784787606824", "-0.023521877736155248", "5.16762523675448",], [ "-0.07469621121582025", "0.0035269134953493024", "0.9972000987320663", "0.6468696391986698",], [ "0.0", "0.0", "0.0", "1.0",],]
frame_171 = [ [ "0.9600203240241689", "0.2709981146466003", "0.07014983477205934", "-14.007735064393716",], [ "-0.2697173192509158", "0.9625522221940979", "-0.027309105538898003", "5.904852843556147",], [ "-0.0749235954601047", "0.007296670967673738", "0.9971625812454885", "0.6516072888720926",], [ "0.0", "0.0", "0.0", "1.0",],]
frame_172 = [ [ "0.9553337195756221", "0.28951196870060464", "0.05933215166278627", "-11.892238442311626",], [ "-0.2880102343403823", "0.9570704241648332", "-0.03265437343107479", "6.984371339139706",], [ "-0.06623887949721342", "0.01410755712602705", "0.997704058163009", "0.5513515636674765",], [ "0.0", "0.0", "0.0", "1.0",],]
frame_173 = [ [ "0.9554754055894117", "0.28765092755486166", "0.06575479595136934", "-13.137618000370203",], [ "-0.2859010516656876", "0.9576257923879747", "-0.03483432803697634", "7.406417324508376",], [ "-0.07298861534680946", "0.014483978395030765", "0.9972275950853222", "0.6496255378314509",], [ "0.0", "0.0", "0.0", "1.0",],]
frame_174 = [ [ "0.9500501310323164", "0.29094519016088805", "0.11294089094634999", "-22.32145893477738",], [ "-0.28975919889753055", "0.9567145737913288", "-0.027144630216111344", "5.915954192363197",], [ "-0.11594979594540587", "-0.006936902589720127", "0.9932308514150804", "1.5100287779701334",], [ "0.0", "0.0", "0.0", "1.0",],]
frame_175 = [ [ "0.9522789583075748", "0.2879564760987809", "0.10122180317225851", "-20.04667907219973",], [ "-0.2870685346249108", "0.957620532364555", "-0.02354936139608925", "5.209727792351277",], [ "-0.10371326816269594", "-0.0066320333696481635", "0.9945851266434881", "1.2195333747863277",], [ "0.0", "0.0", "0.0", "1.0",],]
frame_176 = [ [ "0.946392006989385", "0.3198050069594", "0.04546346478582589", "-9.233944617343992",], [ "-0.32155196671913844", "0.9461170397384083", "0.038299867045780055", "-6.7744463330629205",], [ "-0.030765269472279703", "-0.05086555455660322", "0.9982315330393031", "0.45730621402930977",], [ "0.0", "0.0", "0.0", "1.0",],]
frame_177 = [ [ "0.9435778679830827", "0.3261908188987964", "0.05709953343647431", "-11.541872057419907",], [ "-0.32832976656318025", "0.9439860088001525", "0.033014838757235605", "-5.6973634304643115",], [ "-0.04313202338299614", "-0.04989954765039332", "0.997822461013594", "0.5201576331900465",], [ "0.0", "0.0", "0.0", "1.0",],]
frame_178 = [ [ "0.9434467802513615", "0.32587555065872426", "0.060936838745090746", "-12.287683999089259",], [ "-0.32820748706768993", "0.9440294757597745", "0.03298779061226114", "-5.690607699638043",], [ "-0.04677625750418214", "-0.05112215155508994", "0.9975963649464313", "0.5693879600614434",], [ "0.0", "0.0", "0.0", "1.0",],]
frame_179 = [ [ "0.9708765490825624", "0.23930456978031275", "0.011491271636837634", "-2.6798879075261763",], [ "-0.23903128530703888", "0.9707821009282511", "-0.021122432668401", "4.787989649992329",], [ "-0.0162102154843546", "0.017760501108186753", "0.999710854954768", "0.08916905493270595",], [ "0.0", "0.0", "0.0", "1.0",],]
frame_180 = [ [ "0.9704934036715319", "0.23985034178380882", "0.024786427259173547", "-5.265219932042576",], [ "-0.23955514862346963", "0.9707773562779772", "-0.014305778761279453", "3.461987825495833",], [ "-0.02749334825159481", "0.007945947656317813", "0.9995904049748661", "0.12299290395887934",], [ "0.0", "0.0", "0.0", "1.0",],]
frame_181 = [ [ "0.971011653903501", "0.23780082498252805", "0.024230881561675573", "-5.159075410830906",], [ "-0.23749018831028917", "0.9712737944301139", "-0.015020875797073677", "3.5974701723993143",], [ "-0.027106796933280844", "0.00883084882581735", "0.9995935362281467", "0.1226286340243879",], [ "0.0", "0.0", "0.0", "1.0",],]
frame_182 = [ [ "0.9720421274664397", "0.2336447527809741", "0.023328778975187914", "-4.983132285098515",], [ "-0.2333634415411383", "0.9722863693344731", "-0.014167574192568153", "3.4287005883718376",], [ "-0.02599243318050203", "0.008327394810609096", "0.9996274545614896", "0.11568510808568369",], [ "0.0", "0.0", "0.0", "1.0",],]
frame_183 = [ [ "0.9736217974853345", "0.2281661879531186", "-0.0008866433363329101", "-0.2781800095726869",], [ "-0.22813751523390716", "0.9734213194790992", "-0.02010494781156164", "4.584635010060808",], [ "-0.0037241917747813866", "0.019776892034319357", "0.9997974819617951", "0.06147857727481541",], [ "0.0", "0.0", "0.0", "1.0",],]
frame_184 = [ [ "0.9736804198944813", "0.2279109848876309", "-0.001738643636453567", "-0.11201772907403448",], [ "-0.22790301663087406", "0.973503376391883", "-0.018745430488240483", "4.319734484288037",], [ "-0.002579714074268918", "0.01864830075851516", "0.9998227772731396", "0.05695904228667097",], [ "0.0", "0.0", "0.0", "1.0",],]
frame_185 = [ [ "0.975539731022216", "0.21827787248811242", "-0.02601929244239286", "4.601447731932584",], [ "-0.21907059410050533", "0.9751515389586854", "-0.03297803613005191", "7.074993952998471",], [ "0.018174377502530044", "0.03787144634940998", "0.999117333226613", "0.16313119673344406",], [ "0.0", "0.0", "0.0", "1.0",],]
frame_186 = [ [ "0.9739147208782416", "0.22415052696953128", "-0.035308040387074566", "6.404397739622109",], [ "-0.22583166358669834", "0.9726441272928747", "-0.05443768331203243", "11.248426614336699",], [ "0.022139922727333436", "0.06099133464672356", "0.9978927201456579", "0.3666223500076152",], [ "0.0", "0.0", "0.0", "1.0",],]
frame_187 = [ [ "0.972923214707486", "0.22562569068230298", "-0.05013447902811931", "9.281389203490402",], [ "-0.22828332107148724", "0.971997881315466", "-0.055739071026093795", "11.505644691152881",], [ "0.03615444099795261", "0.065674701540272", "0.9971858853663069", "0.4825464521507178",], [ "0.0", "0.0", "0.0", "1.0",],]
frame_188 = [ [ "0.9746971583550421", "0.22343477340836287", "0.0065078050524780655", "-1.6841122791910879",], [ "-0.2229807995710154", "0.973931008261858", "-0.041688777491665094", "8.76039002837882",], [ "-0.015652875688833195", "0.0391828173823975", "0.999109450613249", "0.1742240875884656",], [ "0.0", "0.0", "0.0", "1.0",],]
frame_189 = [ [ "0.9789446228916601", "0.2038873871115135", "0.009867050642883906", "-2.3354912964344217",], [ "-0.20353191487707478", "0.9786397053587309", "-0.02896699366322898", "6.260613175873357",], [ "-0.015562292184361932", "0.02634882297645036", "0.9995316676272872", "0.10518107601804763",], [ "0.0", "0.0", "0.0", "1.0",],]
frame_190 = [ [ "0.977336902133099", "0.21147947203767653", "-0.009434650793093127", "1.4239691777822685",], [ "-0.21167100567289043", "0.975684803344154", "-0.05687310331558497", "11.660619057255387",], [ "-0.0028222484586236706", "0.05758122463072529", "0.9983368356840939", "0.3008711663587637",], [ "0.0", "0.0", "0.0", "1.0",],]
frame_191 = [ [ "0.9758110071607894", "0.21811873079274027", "0.014734231613952022", "-3.2763906067371806",], [ "-0.21712203146088313", "0.9748051002067919", "-0.05111790356776107", "10.562509463288613",], [ "-0.02551277637187304", "0.046682286664399206", "0.9985839285476439", "0.27245687542207575",], [ "0.0", "0.0", "0.0", "1.0",],]
frame_192 = [ [ "0.983324798632828", "0.17726763028520198", "0.04060206456357451", "-8.281475104045043",], [ "-0.17556237041680847", "0.9835583313063521", "-0.042318589432195096", "8.831357801919",], [ "-0.047436214935377544", "0.03448472373327314", "0.9982788234464889", "0.3557568641822989",], [ "0.0", "0.0", "0.0", "1.0",],]
frame_193 = [ [ "0.9877445254559011", "0.14788290968859008", "0.04991390040841814", "-10.060458577091076",], [ "-0.1453511360897859", "0.9880625563035321", "-0.05104343315618792", "10.495246945655436",], [ "-0.05686650744823191", "0.04316282952949439", "0.9974483297282666", "0.5204919338205755",], [ "0.0", "0.0", "0.0", "1.0",],]
frame_194 = [ [ "0.9881883427207498", "0.11908646667427474", "0.09644797958438044", "-19.104695654900514",], [ "-0.11932445460359441", "0.9928497725143642", "-0.0033171903415564153", "1.1828247394196802",], [ "-0.09615338706685879", "-0.008230593735376506", "0.9953324989582079", "0.972106488326022",], [ "0.0", "0.0", "0.0", "1.0",],]
frame_195 = [ [ "0.9872407066947784", "0.1292935511691985", "0.0929460309583298", "-18.441295515555893",], [ "-0.12890392594023825", "0.9916045370683934", "-0.010208816905203975", "2.533766295587735",], [ "-0.09348564019166407", "-0.0019025486750435488", "0.9956188102816022", "0.900877113099154",], [ "0.0", "0.0", "0.0", "1.0",],]
frame_196 = [ [ "0.9904802105732246", "0.10564029704508636", "0.08825576526836473", "-17.49148358907337",], [ "-0.10490808882461694", "0.9943981587938748", "-0.012907156408408836", "3.030146738071222",], [ "-0.08912488632277206", "0.0035255393352824327", "0.996014219381636", "0.8269421287624008",], [ "0.0", "0.0", "0.0", "1.0",],]
frame_197 = [ [ "0.987741840040443", "0.10364769982053265", "0.1167185150500639", "-23.028511182339738",], [ "-0.10355353087496828", "0.9946000373151765", "-0.006887090533102198", "1.8628434738825796",], [ "-0.11680207051635072", "-0.005283946876186398", "0.9931411562454563", "1.409512303019655",], [ "0.0", "0.0", "0.0", "1.0",],]
frame_198 = [ [ "0.9875157966334732", "0.10585683813532352", "0.11664853715073563", "-22.99968577301208",], [ "-0.1062880673785327", "0.9943321478134802", "-0.002535065600893993", "1.0188449523405512",], [ "-0.11625574451334175", "-0.009894930249860809", "0.9931700218104936", "1.4062316934987045",], [ "0.0", "0.0", "0.0", "1.0",],]
frame_199 = [ [ "0.9699107048077599", "0.12423993237378828", "0.20937445857394396", "-40.91826461070201",], [ "-0.1207691057825284", "0.9922471611575252", "-0.029332477961342404", "6.124195218380691",], [ "-0.21139547721713506", "0.003163918237608943", "0.9773954889570443", "4.5229879539603255",], [ "0.0", "0.0", "0.0", "1.0",],]
frame_200 = [ [ "0.97214677934134", "0.128327001215906", "0.19611940285258203", "-38.34117534238061",], [ "-0.12383863001883666", "0.9916837918791171", "-0.0350321372363274", "7.24022512596144",], [ "-0.19898400219961146", "0.009769221218404185", "0.9799540444252817", "4.000452025436444",], [ "0.0", "0.0", "0.0", "1.0",],]
frame_201 = [ [ "0.9720487337719675", "0.13062327138207225", "0.19508669904896409", "-38.14236208074624",], [ "-0.12470635326546911", "0.991288847617107", "-0.04236444317122415", "8.662451713690398",], [ "-0.19892105124295015", "0.016851752532589963", "0.979870620954132", "4.010119522083572",], [ "0.0", "0.0", "0.0", "1.0",],]
frame_202 = [ [ "0.9740526133944781", "0.13631274921816486", "0.1806663796616152", "-35.34092828211192",], [ "-0.12761535105649335", "0.990068778381868", "-0.05897572592343411", "11.88991116918691",], [ "-0.18691128514398272", "0.034389656497975436", "0.9817746803680748", "3.6231239207618424",], [ "0.0", "0.0", "0.0", "1.0",],]
frame_203 = [ [ "0.9693711641182128", "0.15680049450238906", "0.18903214303384555", "-36.977062768474276",], [ "-0.149481367422233", "0.9873716716277842", "-0.05246430082036268", "10.626518449165436",], [ "-0.19487141137103697", "0.022600597133470963", "0.9805683790738572", "3.8672742829447464",], [ "0.0", "0.0", "0.0", "1.0",],]
frame_204 = [ [ "0.9670613794490535", "0.1660312157135353", "0.1929402078024084", "-37.73898768864306",], [ "-0.15970895898037824", "0.985997274547116", "-0.047983570178721235", "9.757832027103582",], [ "-0.1982052895347499", "0.015588777834386069", "0.9800365570763852", "3.976939355340295",], [ "0.0", "0.0", "0.0", "1.0",],]
frame_205 = [ [ "0.9565653237664706", "0.1966119949809441", "0.21523592822114154", "-42.04614988326202",], [ "-0.18041340669898948", "0.9792146632361935", "-0.09268034304276437", "18.451480612028835",], [ "-0.22898424411052382", "0.04982335529513495", "0.9721542311877918", "5.543263481718082",], [ "0.0", "0.0", "0.0", "1.0",],]
frame_206 = [ [ "0.9491570184401104", "0.2064723675878221", "0.23763441621242323", "-46.385042161819314",], [ "-0.19428016101537368", "0.978158736487396", "-0.07389658496343676", "14.79867020102539",], [ "-0.24770178316229016", "0.023971809612302174", "0.9685397147056977", "6.296705369977471",], [ "0.0", "0.0", "0.0", "1.0",],]
frame_207 = [ [ "0.9482619451099117", "0.20609709493350953", "0.24150211368929253", "-47.141930364083684",], [ "-0.19422849678789147", "0.9782933996851254", "-0.07223098482004715", "14.478744017926243",], [ "-0.25114651996781007", "0.021587301649737368", "0.9677083310148792", "6.4680262391533905",], [ "0.0", "0.0", "0.0", "1.0",],]
frame_208 = [ [ "0.9524660796124129", "0.20356344251214464", "0.22665015345335326", "-44.23370370519477",], [ "-0.19424561374875635", "0.978932471336706", "-0.06292740342663276", "12.66088774260025",], [ "-0.23468491371877973", "0.015910419078202797", "0.971941279006931", "5.6408969750072915",], [ "0.0", "0.0", "0.0", "1.0",],]
frame_209 = [ [ "0.9646509580237606", "0.20305885251056724", "0.16797509220415505", "-32.79141370928062",], [ "-0.18962035931295523", "0.9774739205676732", "-0.09267606996481606", "18.40247804170837",], [ "-0.18300996835672767", "0.057548562338100885", "0.9814252464935667", "3.7209961978048085",], [ "0.0", "0.0", "0.0", "1.0",],]
frame_210 = [ [ "0.9682425930387896", "0.2020979714506995", "0.14718250901888363", "-28.75632152147016",], [ "-0.18966377179650545", "0.9773144795986707", "-0.09425530030050691", "18.70666409556676",], [ "-0.16289240219699688", "0.06334680656766044", "0.984608169478725", "3.072841982715413",], [ "0.0", "0.0", "0.0", "1.0",],]
frame_211 = [ [ "0.9664197326661228", "0.20773211845653639", "0.15126224669481117", "-29.554943384633706",], [ "-0.19036361887909684", "0.974154720966462", "-0.12159059267083107", "24.035790113233386",], [ "-0.1726111031216129", "0.08871271938309468", "0.9809869828386475", "3.7498752387614553",], [ "0.0", "0.0", "0.0", "1.0",],]
frame_212 = [ [ "0.9668472836050541", "0.2070679404664223", "0.149429576110572", "-29.19838994652828",], [ "-0.18907123993244324", "0.9738304842541862", "-0.12611999907905416", "24.912370126375762",], [ "-0.17163448492655414", "0.09368594328009251", "0.9806959506471895", "3.80220991027211",], [ "0.0", "0.0", "0.0", "1.0",],]
