frame_500 = [ [ "1.0", "0.0", "0.0", "0.0",], [ "0.0", "1.0", "0.0", "0.0",], [ "0.0", "0.0", "1.0", "0.0",], [ "0.0", "0.0", "0.0", "1.0",],]
frame_501 = [ [ "0.9999657721906778", "0.004160130311837956", "-0.007151766417418423", "1.3797435138454992",], [ "-0.004148112049707452", "0.9999899609125199", "0.0016944735465095305", "-0.332446915150762",], [ "0.00715874385097322", "-0.0016647492199393604", "0.9999729901334893", "-0.032698284112059293",], [ "0.0", "0.0", "0.0", "1.0",],]
frame_502 = [ [ "0.9999657721906773", "0.004160130311838447", "-0.007151766417418692", "1.3797435138455532",], [ "-0.004148112049706761", "0.9999899609125197", "0.0016944735465082472", "-0.33244691515051383",], [ "0.00715874385097353", "-0.001664749219938175", "0.9999729901334893", "-0.032698284112087674",], [ "0.0", "0.0", "0.0", "1.0",],]
frame_503 = [ [ "0.9999657721906771", "0.004160130311838812", "-0.007151766417417798", "1.379743513845379",], [ "-0.004148112049707171", "0.9999899609125196", "0.0016944735465099876", "-0.33244691515085173",], [ "0.007158743850972661", "-0.0016647492199399043", "0.999972990133489", "-0.03269828411191776",], [ "0.0", "0.0", "0.0", "1.0",],]
frame_504 = [ [ "0.9999657721906765", "0.004160130311839443", "-0.007151766417420501", "1.3797435138459075",], [ "-0.004148112049707179", "0.9999899609125196", "0.0016944735465103805", "-0.3324469151509279",], [ "0.007158743850975408", "-0.001664749219940262", "0.9999729901334882", "-0.032698284111970656",], [ "0.0", "0.0", "0.0", "1.0",],]
frame_505 = [ [ "0.9999632330238539", "0.004272390858133879", "-0.007435003485851965", "1.4347705278943976",], [ "-0.004257669547612676", "0.9999889466427863", "0.001994703555712053", "-0.3904553154944705",], [ "0.0074434434573388926", "-0.0019629744285661484", "0.9999703705014908", "-0.03293604180091834",], [ "0.0", "0.0", "0.0", "1.0",],]
frame_506 = [ [ "0.9999626912662207", "0.004816900688049109", "-0.007170323798516766", "1.3841450183603983",], [ "-0.004797452218529437", "0.9999847736025277", "0.002727089164836056", "-0.5319326520375589",], [ "0.007183350737991324", "-0.0026925881347779033", "0.999970574287719", "-0.03346310920893623",], [ "0.0", "0.0", "0.0", "1.0",],]
frame_507 = [ [ "0.9999481916257164", "0.005844383222663338", "-0.008334101583445804", "1.6122157206183327",], [ "-0.005803387647203601", "0.9999709840748463", "0.004934744187842765", "-0.9605949149282088",], [ "0.00836270029791782", "-0.004886122504589142", "0.9999530944252316", "-0.034589859211341056",], [ "0.0", "0.0", "0.0", "1.0",],]
frame_508 = [ [ "0.9999560297019455", "0.006504782183204661", "-0.0067547369651821875", "1.306435573189025",], [ "-0.006474827489367601", "0.9999691496582152", "0.004447059793723252", "-0.8645783092288031",], [ "0.006783455734552285", "-0.004403128498593196", "0.9999672980591529", "-0.03458330649140218",], [ "0.0", "0.0", "0.0", "1.0",],]
frame_509 = [ [ "0.9999627510832723", "0.005793275806431201", "-0.006397999797007884", "1.2369600087196828",], [ "-0.0057700913574281944", "0.9999767416466017", "0.0036362359071123278", "-0.7084981076336039",], [ "0.006418916707575064", "-0.0035991834179305284", "0.9999729213268853", "-0.034767516577583334",], [ "0.0", "0.0", "0.0", "1.0",],]
frame_510 = [ [ "0.9999627510832724", "0.005793275806431138", "-0.00639799979700605", "1.2369600087193262",], [ "-0.005770091357427773", "0.9999767416466019", "0.0036362359071107422", "-0.7084981076332959",], [ "0.006418916707573253", "-0.0035991834179289763", "0.9999729213268855", "-0.03476751657758668",], [ "0.0", "0.0", "0.0", "1.0",],]
frame_511 = [ [ "0.999962751083273", "0.005793275806431665", "-0.006397999797009883", "1.236960008720071",], [ "-0.005770091357427944", "0.9999767416466019", "0.003636235907112057", "-0.7084981076335513",], [ "0.006418916707577101", "-0.0035991834179304166", "0.9999729213268862", "-0.03476751657777987",], [ "0.0", "0.0", "0.0", "1.0",],]
frame_512 = [ [ "0.9999554269260732", "0.006494329752830312", "-0.006853308847274626", "1.325596806198869",], [ "-0.006463457220946779", "0.9999689082088816", "0.0045173373011037484", "-0.8782653962417225",], [ "0.006882432843665967", "-0.004472839880938348", "0.9999663123433478", "-0.034656697649239614",], [ "0.0", "0.0", "0.0", "1.0",],]
frame_513 = [ [ "0.9999486134811155", "0.006093025413948686", "-0.008102187266512231", "1.567426851156125",], [ "-0.006053142901360852", "0.9999694879214321", "0.004937882862930669", "-0.9609311897711874",], [ "0.008132026697713042", "-0.004888585424982312", "0.9999549849239876", "-0.03471888898625251",], [ "0.0", "0.0", "0.0", "1.0",],]
frame_514 = [ [ "0.9999486134811157", "0.006093025413948496", "-0.008102187266515048", "1.5674268511566727",], [ "-0.006053142901360871", "0.9999694879214326", "0.004937882862930458", "-0.960931189771146",], [ "0.008132026697715877", "-0.004888585424982117", "0.9999549849239874", "-0.03471888898619138",], [ "0.0", "0.0", "0.0", "1.0",],]
frame_515 = [ [ "0.9999486134811155", "0.006093025413948232", "-0.008102187266512042", "1.5674268511560878",], [ "-0.006053142901360729", "0.9999694879214315", "0.004937882862929634", "-0.9609311897709868",], [ "0.008132026697712827", "-0.004888585424981386", "0.9999549849239867", "-0.034718888986026306",], [ "0.0", "0.0", "0.0", "1.0",],]
frame_516 = [ [ "0.9999486134811156", "0.006093025413948303", "-0.008102187266514646", "1.5674268511565947",], [ "-0.006053142901360909", "0.9999694879214319", "0.004937882862930362", "-0.9609311897711277",], [ "0.008132026697715457", "-0.004888585424982054", "0.9999549849239863", "-0.03471888898602151",], [ "0.0", "0.0", "0.0", "1.0",],]
frame_517 = [ [ "0.9999486134811161", "0.006093025413947772", "-0.00810218726651361", "1.5674268511563918",], [ "-0.006053142901361017", "0.9999694879214324", "0.004937882862931537", "-0.960931189771356",], [ "0.00813202669771441", "-0.00488858542498318", "0.9999549849239862", "-0.03471888898585155",], [ "0.0", "0.0", "0.0", "1.0",],]
frame_518 = [ [ "0.9999486134811157", "0.006093025413947567", "-0.008102187266516478", "1.5674268511569502",], [ "-0.0060531429013610406", "0.9999694879214324", "0.004937882862930549", "-0.960931189771164",], [ "0.008132026697717315", "-0.004888585424982186", "0.9999549849239858", "-0.03471888898587633",], [ "0.0", "0.0", "0.0", "1.0",],]
frame_519 = [ [ "0.9999476974842736", "0.0061981178891852935", "-0.008135455152202166", "1.574166191295277",], [ "-0.006158618014309623", "0.9999691700623017", "0.004871380612186992", "-0.948007957843238",], [ "0.008165397727944414", "-0.004821022666071334", "0.9999550409995422", "-0.034546062314260446",], [ "0.0", "0.0", "0.0", "1.0",],]
frame_520 = [ [ "0.9999476974842738", "0.006198117889184933", "-0.008135455152200216", "1.5741661912948979",], [ "-0.006158618014309681", "0.9999691700623018", "0.0048713806121879494", "-0.9480079578434241",], [ "0.008165397727942461", "-0.004821022666072295", "0.9999550409995425", "-0.03454606231423422",], [ "0.0", "0.0", "0.0", "1.0",],]
frame_521 = [ [ "0.9999476974842745", "0.006198117889184889", "-0.00813545515220342", "1.5741661912955194",], [ "-0.006158618014310127", "0.9999691700623012", "0.004871380612185401", "-0.9480079578429279",], [ "0.008165397727945601", "-0.004821022666069719", "0.9999550409995425", "-0.034546062314288514",], [ "0.0", "0.0", "0.0", "1.0",],]
frame_522 = [ [ "0.9999476974842744", "0.006198117889184297", "-0.008135455152198776", "1.574166191294617",], [ "-0.006158618014309301", "0.999969170062301", "0.004871380612186563", "-0.9480079578431555",], [ "0.008165397727940973", "-0.004821022666070951", "0.9999550409995424", "-0.03454606231429467",], [ "0.0", "0.0", "0.0", "1.0",],]
frame_523 = [ [ "0.9999476974842746", "0.006198117889184311", "-0.008135455152201761", "1.5741661912951965",], [ "-0.006158618014309363", "0.9999691700623006", "0.004871380612185047", "-0.9480079578428608",], [ "0.008165397727943955", "-0.004821022666069492", "0.9999550409995425", "-0.03454606231431975",], [ "0.0", "0.0", "0.0", "1.0",],]
frame_524 = [ [ "0.9999476974842748", "0.006198117889184231", "-0.008135455152202953", "1.5741661912954281",], [ "-0.006158618014309022", "0.9999691700623007", "0.004871380612182606", "-0.9480079578423862",], [ "0.0081653977279451", "-0.0048210226660670066", "0.9999550409995422", "-0.034546062314320274",], [ "0.0", "0.0", "0.0", "1.0",],]
frame_525 = [ [ "0.9999476974842745", "0.0061981178891844", "-0.008135455152203023", "1.5741661912954428",], [ "-0.0061586180143089475", "0.9999691700623002", "0.004871380612186305", "-0.9480079578431063",], [ "0.008165397727945221", "-0.0048210226660707015", "0.9999550409995421", "-0.0345460623141745",], [ "0.0", "0.0", "0.0", "1.0",],]
frame_526 = [ [ "0.9999476974842744", "0.006198117889184305", "-0.008135455152199437", "1.5741661912947453",], [ "-0.006158618014308941", "0.9999691700623002", "0.0048713806121894335", "-0.9480079578437149",], [ "0.008165397727941573", "-0.0048210226660737425", "0.9999550409995424", "-0.03454606231429111",], [ "0.0", "0.0", "0.0", "1.0",],]
frame_527 = [ [ "0.9999476974842746", "0.006198117889184457", "-0.008135455152202828", "1.574166191295404",], [ "-0.006158618014309446", "0.9999691700623008", "0.004871380612183846", "-0.9480079578426271",], [ "0.008165397727944857", "-0.004821022666067987", "0.9999550409995422", "-0.034546062314262896",], [ "0.0", "0.0", "0.0", "1.0",],]
frame_528 = [ [ "0.9999506567015995", "0.006085572675190997", "-0.007851749312077405", "1.5190470567925134",], [ "-0.006049820292316217", "0.9999712607502619", "0.0045691736632672295", "-0.889612988918771",], [ "0.007879329697086537", "-0.00452144653284948", "0.9999587354910072", "-0.03451411005420871",], [ "0.0", "0.0", "0.0", "1.0",],]
frame_529 = [ [ "0.9999506567016002", "0.00608557267519063", "-0.007851749312078864", "1.5190470567927958",], [ "-0.006049820292315656", "0.9999712607502623", "0.004569173663265217", "-0.8896129889183805",], [ "0.00787932969708796", "-0.004521446532847427", "0.9999587354910072", "-0.03451411005420835",], [ "0.0", "0.0", "0.0", "1.0",],]
frame_530 = [ [ "0.9999476974842759", "0.006198117889184583", "-0.008135455152200797", "1.5741661912950062",], [ "-0.006158618014308135", "0.9999691700623015", "0.004871380612186397", "-0.948007957843125",], [ "0.008165397727942806", "-0.004821022666070475", "0.9999550409995425", "-0.034546062314356564",], [ "0.0", "0.0", "0.0", "1.0",],]
frame_531 = [ [ "0.9999490466800376", "0.006248274293701829", "-0.007928626113185289", "1.534195119686013",], [ "-0.006211102402630625", "0.9999696453834419", "0.00470430852105102", "-0.915647894266871",], [ "0.007957779252781518", "-0.004654823312212536", "0.9999575022816193", "-0.03478533093959626",], [ "0.0", "0.0", "0.0", "1.0",],]
frame_532 = [ [ "0.999949046680038", "0.006248274293702432", "-0.007928626113186515", "1.5341951196862513",], [ "-0.006211102402630424", "0.9999696453834424", "0.004704308521052742", "-0.9156478942672057",], [ "0.007957779252782765", "-0.004654823312214193", "0.9999575022816193", "-0.03478533093962126",], [ "0.0", "0.0", "0.0", "1.0",],]
frame_533 = [ [ "0.9999490466800387", "0.006248274293702564", "-0.007928626113186676", "1.534195119686281",], [ "-0.0062111024026303375", "0.9999696453834432", "0.004704308521051889", "-0.9156478942670394",], [ "0.00795777925278291", "-0.004654823312213358", "0.99995750228162", "-0.034785330939707086",], [ "0.0", "0.0", "0.0", "1.0",],]
frame_534 = [ [ "0.9999490466800394", "0.006248274293703466", "-0.007928626113186453", "1.5341951196862373",], [ "-0.006211102402629999", "0.9999696453834435", "0.004704308521051088", "-0.9156478942668839",], [ "0.007957779252782671", "-0.004654823312212514", "0.9999575022816206", "-0.034785330939736674",], [ "0.0", "0.0", "0.0", "1.0",],]
frame_535 = [ [ "0.9999490466800394", "0.006248274293703258", "-0.007928626113190692", "1.5341951196870622",], [ "-0.006211102402629558", "0.9999696453834439", "0.004704308521044582", "-0.9156478942656194",], [ "0.00795777925278684", "-0.004654823312205958", "0.9999575022816204", "-0.034785330939793024",], [ "0.0", "0.0", "0.0", "1.0",],]
frame_536 = [ [ "0.9999546484078218", "0.006310071485412912", "-0.00713331097397227", "1.3796301741999197",], [ "-0.006289563836666318", "0.9999760336566758", "0.002893699883484952", "-0.5634115750388742",], [ "0.007151399467714482", "-0.0028487032348502835", "0.9999703707488219", "-0.03371964056119626",], [ "0.0", "0.0", "0.0", "1.0",],]
frame_537 = [ [ "0.9999546484078216", "0.0063100714854127235", "-0.007133310973975331", "1.3796301742005157",], [ "-0.00628956383666604", "0.9999760336566759", "0.0028936998834790946", "-0.5634115750377355",], [ "0.007151399467717533", "-0.0028487032348444735", "0.9999703707488223", "-0.03371964056130897",], [ "0.0", "0.0", "0.0", "1.0",],]
frame_538 = [ [ "0.9999546484078218", "0.006310071485413172", "-0.007133310973968978", "1.3796301741992796",], [ "-0.006289563836667039", "0.9999760336566768", "0.002893699883490091", "-0.5634115750398718",], [ "0.007151399467711267", "-0.0028487032348554773", "0.999970370748823", "-0.03371964056151051",], [ "0.0", "0.0", "0.0", "1.0",],]
frame_539 = [ [ "0.9999546484078218", "0.006310071485413219", "-0.007133310973969141", "1.3796301741993113",], [ "-0.00628956383666681", "0.9999760336566768", "0.0028936998834872955", "-0.5634115750393288",], [ "0.0071513994677114895", "-0.0028487032348528136", "0.9999703707488237", "-0.03371964056154013",], [ "0.0", "0.0", "0.0", "1.0",],]
frame_540 = [ [ "0.9999546484078218", "0.006310071485413563", "-0.007133310973969536", "1.3796301741993877",], [ "-0.006289563836666754", "0.9999760336566769", "0.0028936998834874815", "-0.5634115750393648",], [ "0.00715139946771193", "-0.0028487032348530885", "0.9999703707488241", "-0.03371964056162465",], [ "0.0", "0.0", "0.0", "1.0",],]
frame_541 = [ [ "0.9999546484078219", "0.006310071485414211", "-0.0071333109739730146", "1.3796301742000652",], [ "-0.00628956383666642", "0.9999760336566768", "0.0028936998834849033", "-0.5634115750388641",], [ "0.007151399467715449", "-0.002848703234850612", "0.999970370748825", "-0.03371964056179173",], [ "0.0", "0.0", "0.0", "1.0",],]
frame_542 = [ [ "0.9999546484078221", "0.0063100714854146716", "-0.007133310973977999", "1.379630174201035",], [ "-0.006289563836666012", "0.999976033656677", "0.0028936998834802555", "-0.5634115750379607",], [ "0.0071513994677204805", "-0.002848703234845947", "0.9999703707488254", "-0.03371964056190106",], [ "0.0", "0.0", "0.0", "1.0",],]
frame_543 = [ [ "0.9999534616881124", "0.006259814478884552", "-0.0073409250550613364", "1.419753599692972",], [ "-0.006237476429683728", "0.9999758590223754", "0.003061904678780236", "-0.5959910767532586",], [ "0.007359914793195341", "-0.003015973335902687", "0.9999683672792286", "-0.03357168255532338",], [ "0.0", "0.0", "0.0", "1.0",],]
frame_544 = [ [ "0.9999534616881126", "0.006259814478884987", "-0.0073409250550658485", "1.4197535996938502",], [ "-0.006237476429683374", "0.9999758590223761", "0.0030619046787828106", "-0.5959910767537593",], [ "0.007359914793199937", "-0.003015973335905259", "0.9999683672792292", "-0.03357168255542905",], [ "0.0", "0.0", "0.0", "1.0",],]
frame_545 = [ [ "0.999954114035306", "0.006270419364619338", "-0.0072423521643941524", "1.4005921659631495",], [ "-0.006248887708715326", "0.9999759998836906", "0.002991832052293815", "-0.5823438257268838",], [ "0.007260938388736631", "-0.002946438123772154", "0.9999692981667551", "-0.03348772727151076",], [ "0.0", "0.0", "0.0", "1.0",],]
frame_546 = [ [ "0.9999541140353062", "0.006270419364618937", "-0.007242352164389301", "1.4005921659622054",], [ "-0.006248887708715062", "0.9999759998836902", "0.0029918320522928465", "-0.5823438257266957",], [ "0.007260938388731784", "-0.002946438123771353", "0.9999692981667551", "-0.03348772727143276",], [ "0.0", "0.0", "0.0", "1.0",],]
frame_547 = [ [ "0.9999541140353063", "0.006270419364618901", "-0.007242352164392116", "1.400592165962752",], [ "-0.0062488877087154265", "0.9999759998836905", "0.0029918320522926423", "-0.5823438257266554",], [ "0.007260938388734543", "-0.0029464381237711934", "0.999969298166755", "-0.03348772727142897",], [ "0.0", "0.0", "0.0", "1.0",],]
frame_548 = [ [ "0.9999541140353065", "0.006270419364618713", "-0.007242352164396987", "1.4005921659636997",], [ "-0.00624888770871481", "0.9999759998836909", "0.0029918320522881155", "-0.5823438257257757",], [ "0.007260938388739401", "-0.00294643812376673", "0.9999692981667554", "-0.03348772727153841",], [ "0.0", "0.0", "0.0", "1.0",],]
frame_549 = [ [ "0.9999541140353068", "0.006270419364619118", "-0.0072423521643926285", "1.4005921659628515",], [ "-0.006248887708715242", "0.9999759998836913", "0.0029918320522918334", "-0.5823438257264979",], [ "0.007260938388735071", "-0.002946438123770567", "0.9999692981667555", "-0.03348772727157072",], [ "0.0", "0.0", "0.0", "1.0",],]
frame_550 = [ [ "0.999954114035306", "0.006270419364619", "-0.007242352164392661", "1.400592165962859",], [ "-0.006248887708714871", "0.9999759998836907", "0.0029918320522904357", "-0.5823438257262271",], [ "0.007260938388735173", "-0.0029464381237693485", "0.9999692981667555", "-0.033487727271571274",], [ "0.0", "0.0", "0.0", "1.0",],]
frame_551 = [ [ "0.9999534616881136", "0.006259814478885041", "-0.007340925055065142", "1.4197535996937114",], [ "-0.006237476429682928", "0.9999758590223768", "0.0030619046787834533", "-0.5959910767538852",], [ "0.007359914793199255", "-0.0030159733359065846", "0.9999683672792308", "-0.03357168255583633",], [ "0.0", "0.0", "0.0", "1.0",],]
frame_552 = [ [ "0.9999534616881136", "0.006259814478885978", "-0.007340925055062486", "1.4197535996931945",], [ "-0.006237476429682571", "0.9999758590223763", "0.0030619046787828254", "-0.5959910767537638",], [ "0.007359914793196695", "-0.003015973335905964", "0.9999683672792306", "-0.033571682555755065",], [ "0.0", "0.0", "0.0", "1.0",],]
frame_553 = [ [ "0.9999534616881136", "0.0062598144788858605", "-0.007340925055066813", "1.4197535996940358",], [ "-0.0062374764296818834", "0.9999758590223762", "0.003061904678782592", "-0.5959910767537195",], [ "0.007359914793201047", "-0.0030159733359057597", "0.9999683672792306", "-0.033571682555777416",], [ "0.0", "0.0", "0.0", "1.0",],]
frame_554 = [ [ "0.9999534616881135", "0.006259814478886403", "-0.007340925055061991", "1.4197535996930992",], [ "-0.006237476429681666", "0.9999758590223753", "0.0030619046787815486", "-0.5959910767535177",], [ "0.007359914793196203", "-0.0030159733359047198", "0.99996836727923", "-0.03357168255558595",], [ "0.0", "0.0", "0.0", "1.0",],]
frame_555 = [ [ "0.9999541140353064", "0.00627041936462048", "-0.007242352164393133", "1.4005921659629512",], [ "-0.006248887708712867", "0.9999759998836899", "0.0029918320522927767", "-0.5823438257266861",], [ "0.007260938388735774", "-0.0029464381237716834", "0.999969298166755", "-0.0334877272714076",], [ "0.0", "0.0", "0.0", "1.0",],]
frame_556 = [ [ "0.9999541140353069", "0.006270419364620748", "-0.0072423521643909675", "1.4005921659625291",], [ "-0.006248887708712345", "0.9999759998836908", "0.002991832052293777", "-0.5823438257268816",], [ "0.007260938388733617", "-0.0029464381237726636", "0.9999692981667547", "-0.033487727271381634",], [ "0.0", "0.0", "0.0", "1.0",],]
frame_557 = [ [ "0.9999534616881148", "0.006259814478887488", "-0.007340925055063761", "1.4197535996934403",], [ "-0.006237476429680788", "0.9999758590223766", "0.003061904678783232", "-0.5959910767538463",], [ "0.007359914793198065", "-0.0030159733359064063", "0.9999683672792298", "-0.03357168255556292",], [ "0.0", "0.0", "0.0", "1.0",],]
frame_558 = [ [ "0.9999541140353077", "0.006270419364621045", "-0.007242352164391885", "1.4005921659627063",], [ "-0.006248887708712107", "0.9999759998836911", "0.0029918320522929654", "-0.5823438257267237",], [ "0.007260938388734586", "-0.0029464381237719697", "0.9999692981667552", "-0.03348772727153191",], [ "0.0", "0.0", "0.0", "1.0",],]
frame_559 = [ [ "0.9999551192521065", "0.006609750781903182", "-0.0067875382964540905", "1.313084076850713",], [ "-0.006580110894212853", "0.9999687588379284", "0.004379895976813187", "-0.8515267804385035",], [ "0.0068162762667280125", "-0.004335036649117688", "0.9999673723852803", "-0.034412718481948025",], [ "0.0", "0.0", "0.0", "1.0",],]
frame_560 = [ [ "0.9999551192521065", "0.006609750781903447", "-0.006787538296455831", "1.313084076851052",], [ "-0.006580110894213298", "0.9999687588379292", "0.004379895976817937", "-0.8515267804394263",], [ "0.00681627626672973", "-0.004335036649122292", "0.9999673723852801", "-0.03441271848191345",], [ "0.0", "0.0", "0.0", "1.0",],]
frame_561 = [ [ "0.999955119252106", "0.006609750781903754", "-0.006787538296455899", "1.3130840768510663",], [ "-0.006580110894213748", "0.9999687588379291", "0.004379895976815684", "-0.851526780438987",], [ "0.006816276266729685", "-0.004335036649119956", "0.9999673723852794", "-0.03441271848180176",], [ "0.0", "0.0", "0.0", "1.0",],]
frame_562 = [ [ "0.9999551192521057", "0.006609750781903694", "-0.006787538296454048", "1.313084076850707",], [ "-0.006580110894214475", "0.9999687588379298", "0.004379895976816843", "-0.8515267804392107",], [ "0.0068162762667277705", "-0.00433503664912101", "0.9999673723852793", "-0.03441271848177497",], [ "0.0", "0.0", "0.0", "1.0",],]
frame_563 = [ [ "0.9999551192521057", "0.006609750781904299", "-0.006787538296454564", "1.3130840768508072",], [ "-0.006580110894214482", "0.9999687588379296", "0.004379895976816223", "-0.8515267804390906",], [ "0.006816276266728249", "-0.004335036649120332", "0.9999673723852794", "-0.034412718481831764",], [ "0.0", "0.0", "0.0", "1.0",],]
frame_564 = [ [ "0.9999551192521059", "0.0066097507819044546", "-0.006787538296452156", "1.3130840768503385",], [ "-0.006580110894214263", "0.9999687588379302", "0.004379895976819571", "-0.8515267804397416",], [ "0.00681627626672583", "-0.004335036649123626", "0.9999673723852796", "-0.03441271848183219",], [ "0.0", "0.0", "0.0", "1.0",],]
frame_565 = [ [ "0.9999545138649835", "0.006599303926269846", "-0.006886173738119537", "1.3322576816764746",], [ "-0.006568749715929463", "0.9999685228568987", "0.004450260956540481", "-0.8652308631109945",], [ "0.006915325605647056", "-0.004404824979584191", "0.9999663873294348", "-0.034486414370693705",], [ "0.0", "0.0", "0.0", "1.0",],]
frame_566 = [ [ "0.9999476974842816", "0.006198117889192344", "-0.008135455152201163", "1.5741661912950724",], [ "-0.00615861801430447", "0.99996917006231", "0.004871380612185946", "-0.9480079578430394",], [ "0.008165397727943413", "-0.004821022666070506", "0.9999550409995498", "-0.034546062315682684",], [ "0.0", "0.0", "0.0", "1.0",],]
frame_567 = [ [ "0.9999476974842813", "0.006198117889192343", "-0.008135455152196833", "1.5741661912942297",], [ "-0.006158618014303979", "0.9999691700623093", "0.004871380612191473", "-0.9480079578441154",], [ "0.008165397727939186", "-0.00482102266607613", "0.99995504099955", "-0.03454606231574094",], [ "0.0", "0.0", "0.0", "1.0",],]
frame_568 = [ [ "0.9999476974842815", "0.00619811788919187", "-0.008135455152201793", "1.5741661912951945",], [ "-0.006158618014304193", "0.9999691700623096", "0.0048713806121841625", "-0.9480079578426925",], [ "0.0081653977279441", "-0.004821022666068895", "0.9999550409995509", "-0.03454606231599581",], [ "0.0", "0.0", "0.0", "1.0",],]
frame_569 = [ [ "0.9999476974842814", "0.006198117889191668", "-0.008135455152204605", "1.5741661912957423",], [ "-0.006158618014303703", "0.9999691700623089", "0.00487138061218119", "-0.9480079578421161",], [ "0.008165397727946881", "-0.004821022666065905", "0.9999550409995507", "-0.034546062315880526",], [ "0.0", "0.0", "0.0", "1.0",],]
frame_570 = [ [ "0.9999476974842815", "0.006198117889191883", "-0.008135455152199432", "1.5741661912947353",], [ "-0.006158618014304323", "0.9999691700623091", "0.004871380612189844", "-0.9480079578437981",], [ "0.008165397727941746", "-0.004821022666074522", "0.9999550409995507", "-0.03454606231588055",], [ "0.0", "0.0", "0.0", "1.0",],]
frame_571 = [ [ "0.9999476974842813", "0.0061981178891916955", "-0.008135455152203229", "1.5741661912954745",], [ "-0.006158618014304414", "0.9999691700623092", "0.004871380612184784", "-0.9480079578428137",], [ "0.008165397727945493", "-0.004821022666069419", "0.9999550409995505", "-0.03454606231585099",], [ "0.0", "0.0", "0.0", "1.0",],]
frame_572 = [ [ "0.9999476974842817", "0.006198117889191502", "-0.008135455152204575", "1.574166191295736",], [ "-0.00615861801430446", "0.9999691700623095", "0.004871380612182861", "-0.9480079578424393",], [ "0.008165397727946824", "-0.004821022666067482", "0.9999550409995509", "-0.03454606231593599",], [ "0.0", "0.0", "0.0", "1.0",],]
frame_573 = [ [ "0.9999476974842819", "0.006198117889190952", "-0.008135455152203354", "1.5741661912954963",], [ "-0.006158618014304623", "0.9999691700623099", "0.004871380612183917", "-0.9480079578426444",], [ "0.008165397727945552", "-0.004821022666068482", "0.9999550409995513", "-0.034546062316079186",], [ "0.0", "0.0", "0.0", "1.0",],]
frame_574 = [ [ "0.9999476974842818", "0.006198117889191059", "-0.008135455152199069", "1.5741661912946636",], [ "-0.006158618014304943", "0.99996917006231", "0.00487138061218888", "-0.948007957843609",], [ "0.008165397727941342", "-0.004821022666073492", "0.9999550409995516", "-0.03454606231608115",], [ "0.0", "0.0", "0.0", "1.0",],]
frame_575 = [ [ "0.9999476974842825", "0.006198117889190494", "-0.008135455152203345", "1.5741661912954936",], [ "-0.006158618014305389", "0.9999691700623107", "0.004871380612184722", "-0.9480079578427989",], [ "0.00816539772794552", "-0.004821022666069287", "0.9999550409995518", "-0.03454606231610693",], [ "0.0", "0.0", "0.0", "1.0",],]
frame_576 = [ [ "0.9999476974842825", "0.006198117889190307", "-0.008135455152198033", "1.5741661912944618",], [ "-0.006158618014305088", "0.9999691700623108", "0.004871380612187695", "-0.9480079578433778",], [ "0.008165397727940225", "-0.004821022666072255", "0.9999550409995518", "-0.034546062316084085",], [ "0.0", "0.0", "0.0", "1.0",],]
frame_577 = [ [ "0.9999476974842825", "0.006198117889191132", "-0.008135455152205524", "1.5741661912959182",], [ "-0.006158618014305559", "0.9999691700623112", "0.004871380612187028", "-0.948007957843247",], [ "0.008165397727947674", "-0.004821022666071486", "0.9999550409995522", "-0.034546062316186746",], [ "0.0", "0.0", "0.0", "1.0",],]
frame_578 = [ [ "0.9999476974842827", "0.0061981178891905514", "-0.008135455152201763", "1.5741661912951863",], [ "-0.006158618014305227", "0.9999691700623112", "0.004871380612186855", "-0.9480079578432135",], [ "0.008165397727943854", "-0.004821022666071305", "0.9999550409995522", "-0.034546062316192956",], [ "0.0", "0.0", "0.0", "1.0",],]
frame_579 = [ [ "0.9999476974842824", "0.006198117889191311", "-0.008135455152201009", "1.5741661912950395",], [ "-0.006158618014305623", "0.9999691700623109", "0.004871380612185929", "-0.9480079578430333",], [ "0.00816539772794311", "-0.004821022666070339", "0.9999550409995521", "-0.03454606231616661",], [ "0.0", "0.0", "0.0", "1.0",],]
frame_580 = [ [ "0.9999476974842822", "0.006198117889191214", "-0.008135455152198602", "1.5741661912945724",], [ "-0.006158618014305617", "0.9999691700623109", "0.004871380612188838", "-0.9480079578435989",], [ "0.008165397727940709", "-0.004821022666073246", "0.9999550409995521", "-0.03454606231616767",], [ "0.0", "0.0", "0.0", "1.0",],]
frame_581 = [ [ "0.9999476974842824", "0.006198117889191036", "-0.008135455152204873", "1.5741661912957923",], [ "-0.006158618014305525", "0.9999691700623113", "0.004871380612184951", "-0.9480079578428426",], [ "0.008165397727946921", "-0.004821022666069232", "0.9999550409995518", "-0.03454606231619003",], [ "0.0", "0.0", "0.0", "1.0",],]
frame_582 = [ [ "0.9999476974842825", "0.00619811788919088", "-0.008135455152199524", "1.5741661912947513",], [ "-0.0061586180143057626", "0.9999691700623112", "0.004871380612186112", "-0.9480079578430686",], [ "0.008165397727941536", "-0.004821022666070433", "0.9999550409995516", "-0.03454606231605529",], [ "0.0", "0.0", "0.0", "1.0",],]
frame_583 = [ [ "0.9999476974842826", "0.006198117889190273", "-0.008135455152203267", "1.5741661912954787",], [ "-0.006158618014306021", "0.9999691700623116", "0.004871380612185524", "-0.9480079578429536",], [ "0.00816539772794517", "-0.004821022666069757", "0.9999550409995518", "-0.034546062316050195",], [ "0.0", "0.0", "0.0", "1.0",],]
frame_584 = [ [ "0.9999476974842826", "0.006198117889190379", "-0.008135455152198656", "1.5741661912945824",], [ "-0.006158618014306228", "0.9999691700623112", "0.004871380612188233", "-0.9480079578434799",], [ "0.008165397727940563", "-0.004821022666072471", "0.9999550409995516", "-0.03454606231611176",], [ "0.0", "0.0", "0.0", "1.0",],]
frame_585 = [ [ "0.9999534616881162", "0.006259814478886644", "-0.0073409250550649395", "1.4197535996936683",], [ "-0.006237476429683214", "0.9999758590223813", "0.0030619046787825135", "-0.5959910767536989",], [ "0.007359914793198589", "-0.0030159733359048048", "0.9999683672792318", "-0.03357168255597729",], [ "0.0", "0.0", "0.0", "1.0",],]
frame_586 = [ [ "0.9999534616881159", "0.006259814478887123", "-0.007340925055061015", "1.4197535996929047",], [ "-0.006237476429682344", "0.9999758590223808", "0.00306190467878288", "-0.5959910767537722",], [ "0.007359914793194756", "-0.003015973335905186", "0.9999683672792316", "-0.03357168255592567",], [ "0.0", "0.0", "0.0", "1.0",],]
frame_587 = [ [ "0.9999534616881162", "0.006259814478887428", "-0.007340925055064599", "1.419753599693602",], [ "-0.0062374764296821384", "0.9999758590223807", "0.0030619046787808994", "-0.5959910767533874",], [ "0.0073599147931983746", "-0.0030159733359031533", "0.9999683672792312", "-0.03357168255580801",], [ "0.0", "0.0", "0.0", "1.0",],]
frame_588 = [ [ "0.9999534616881157", "0.006259814478887831", "-0.007340925055061083", "1.4197535996929187",], [ "-0.006237476429681702", "0.9999758590223801", "0.0030619046787844014", "-0.5959910767540699",], [ "0.007359914793194948", "-0.0030159733359067476", "0.9999683672792312", "-0.033571682555896036",], [ "0.0", "0.0", "0.0", "1.0",],]
frame_589 = [ [ "0.9999543407765216", "0.005466715615537569", "-0.007837817463660553", "1.5152246610787274",], [ "-0.0054486327550361665", "0.9999824494442523", "0.002326629449203337", "-0.4542241143070272",], [ "0.007850398927149884", "-0.0022838178281491565", "0.9999665771478716", "-0.032974187399879354",], [ "0.0", "0.0", "0.0", "1.0",],]
frame_590 = [ [ "0.9999543407765225", "0.005466715615537423", "-0.007837817463658765", "1.515224661078378",], [ "-0.00544863275503532", "0.9999824494442524", "0.0023266294492028604", "-0.454224114306936",], [ "0.007850398927148186", "-0.002283817828148792", "0.9999665771478725", "-0.0329741873999674",], [ "0.0", "0.0", "0.0", "1.0",],]
frame_591 = [ [ "0.999948127207525", "0.005405761889282077", "-0.008632533381533247", "1.669674646322344",], [ "-0.005370224471238067", "0.9999770327379152", "0.004134572024108829", "-0.8059411715945117",], [ "0.008654685627753188", "-0.004087998910298248", "0.9999541912915876", "-0.03412881181313368",], [ "0.0", "0.0", "0.0", "1.0",],]
frame_592 = [ [ "0.9999481272075255", "0.005405761889282313", "-0.008632533381535057", "1.6696746463226955",], [ "-0.0053702244712385255", "0.9999770327379163", "0.0041345720241062955", "-0.8059411715940175",], [ "0.008654685627754953", "-0.004087998910295588", "0.999954191291588", "-0.034128811813246555",], [ "0.0", "0.0", "0.0", "1.0",],]
frame_593 = [ [ "0.9999481272075248", "0.005405761889282105", "-0.008632533381527264", "1.66967464632118",], [ "-0.005370224471238689", "0.9999770327379157", "0.004134572024112181", "-0.8059411715951628",], [ "0.008654685627747237", "-0.004087998910301583", "0.9999541912915878", "-0.03412881181325469",], [ "0.0", "0.0", "0.0", "1.0",],]
frame_594 = [ [ "0.9999481272075248", "0.005405761889281912", "-0.008632533381530388", "1.6696746463217882",], [ "-0.00537022447123906", "0.9999770327379162", "0.00413457202410982", "-0.805941171594702",], [ "0.008654685627750333", "-0.004087998910299146", "0.9999541912915878", "-0.03412881181325145",], [ "0.0", "0.0", "0.0", "1.0",],]
frame_595 = [ [ "0.999948127207524", "0.00540576188928246", "-0.008632533381534243", "1.66967464632254",], [ "-0.005370224471239489", "0.9999770327379154", "0.004134572024107313", "-0.8059411715942141",], [ "0.008654685627754151", "-0.004087998910296578", "0.9999541912915874", "-0.03412881181310497",], [ "0.0", "0.0", "0.0", "1.0",],]
frame_596 = [ [ "0.9999481272075232", "0.005405761889282219", "-0.008632533381531885", "1.6696746463220826",], [ "-0.005370224471239143", "0.9999770327379147", "0.004134572024112806", "-0.8059411715952837",], [ "0.008654685627751795", "-0.004087998910302146", "0.9999541912915874", "-0.03412881181318974",], [ "0.0", "0.0", "0.0", "1.0",],]
frame_597 = [ [ "0.9999481272075234", "0.005405761889281866", "-0.008632533381532172", "1.669674646322138",], [ "-0.005370224471239545", "0.9999770327379152", "0.004134572024111978", "-0.805941171595122",], [ "0.008654685627752026", "-0.004087998910301172", "0.999954191291587", "-0.034128811813048006",], [ "0.0", "0.0", "0.0", "1.0",],]
frame_598 = [ [ "0.9999481272075234", "0.005405761889281906", "-0.008632533381531164", "1.6696746463219407",], [ "-0.005370224471239388", "0.999977032737915", "0.0041345720241152805", "-0.8059411715957643",], [ "0.008654685627750998", "-0.004087998910304413", "0.9999541912915871", "-0.034128811813103996",], [ "0.0", "0.0", "0.0", "1.0",],]
frame_599 = [ [ "0.9999481272075236", "0.005405761889281824", "-0.008632533381529452", "1.669674646321608",], [ "-0.00537022447123931", "0.999977032737915", "0.0041345720241138095", "-0.8059411715954783",], [ "0.00865468562774929", "-0.004087998910302842", "0.9999541912915868", "-0.03412881181307967",], [ "0.0", "0.0", "0.0", "1.0",],]
frame_600 = [ [ "0.9999481272075236", "0.0054057618892819955", "-0.008632533381529969", "1.6696746463217087",], [ "-0.0053702244712394666", "0.9999770327379149", "0.004134572024112236", "-0.8059411715951722",], [ "0.00865468562774977", "-0.004087998910301226", "0.9999541912915872", "-0.034128811813108596",], [ "0.0", "0.0", "0.0", "1.0",],]
frame_601 = [ [ "0.9999481272075231", "0.005405761889282054", "-0.008632533381532852", "1.6696746463222698",], [ "-0.005370224471239397", "0.9999770327379149", "0.004134572024108483", "-0.8059411715944421",], [ "0.008654685627752628", "-0.004087998910297332", "0.9999541912915871", "-0.0341288118131069",], [ "0.0", "0.0", "0.0", "1.0",],]
frame_602 = [ [ "0.9999511392994135", "0.005293013372969624", "-0.008348833646551068", "1.6145564869011395",], [ "-0.0052611584997945375", "0.9999788145231353", "0.003832847004878037", "-0.7476406175800525",], [ "0.008368944082982447", "-0.0037887351921850605", "0.9999578022399733", "-0.03408138547075068",], [ "0.0", "0.0", "0.0", "1.0",],]
frame_603 = [ [ "0.9999511392994139", "0.005293013372969293", "-0.008348833646549621", "1.6145564869008564",], [ "-0.005261158499794132", "0.9999788145231352", "0.003832847004877127", "-0.747640617579876",], [ "0.008368944082980985", "-0.00378873519218416", "0.9999578022399733", "-0.03408138547069687",], [ "0.0", "0.0", "0.0", "1.0",],]
frame_604 = [ [ "0.9999481272075234", "0.00540576188928189", "-0.008632533381533015", "1.6696746463223018",], [ "-0.005370224471237962", "0.9999770327379143", "0.00413457202411007", "-0.8059411715947542",], [ "0.008654685627752894", "-0.004087998910299026", "0.9999541912915871", "-0.034128811813126166",], [ "0.0", "0.0", "0.0", "1.0",],]
frame_605 = [ [ "0.999948127207523", "0.005405761889282497", "-0.008632533381534085", "1.6696746463225105",], [ "-0.005370224471238202", "0.999977032737914", "0.004134572024109151", "-0.8059411715945748",], [ "0.008654685627753905", "-0.00408799891029804", "0.9999541912915866", "-0.034128811813068385",], [ "0.0", "0.0", "0.0", "1.0",],]
frame_606 = [ [ "0.9999481272075229", "0.0054057618892822375", "-0.008632533381529467", "1.6696746463216123",], [ "-0.005370224471238406", "0.9999770327379139", "0.004134572024108459", "-0.8059411715944405",], [ "0.00865468562774926", "-0.004087998910297372", "0.9999541912915865", "-0.034128811812991426",], [ "0.0", "0.0", "0.0", "1.0",],]
frame_607 = [ [ "0.9999481272075228", "0.005405761889282337", "-0.008632533381533095", "1.6696746463223184",], [ "-0.0053702244712386426", "0.9999770327379134", "0.00413457202410947", "-0.8059411715946363",], [ "0.008654685627752845", "-0.004087998910298329", "0.9999541912915862", "-0.03412881181298465",], [ "0.0", "0.0", "0.0", "1.0",],]
frame_608 = [ [ "0.999948127207523", "0.005405761889281814", "-0.008632533381532581", "1.669674646322218",], [ "-0.005370224471238263", "0.9999770327379135", "0.004134572024111232", "-0.8059411715949796",], [ "0.008654685627752288", "-0.0040879989102999125", "0.9999541912915859", "-0.03412881181289903",], [ "0.0", "0.0", "0.0", "1.0",],]
frame_609 = [ [ "0.9999481272075234", "0.005405761889282128", "-0.008632533381532541", "1.6696746463222096",], [ "-0.0053702244712389826", "0.9999770327379142", "0.004134572024111776", "-0.8059411715950838",], [ "0.008654685627752208", "-0.004087998910300292", "0.9999541912915858", "-0.034128811812756746",], [ "0.0", "0.0", "0.0", "1.0",],]
frame_610 = [ [ "0.9999481272075234", "0.005405761889281698", "-0.008632533381534097", "1.6696746463225116",], [ "-0.005370224471239078", "0.9999770327379142", "0.004134572024107854", "-0.8059411715943208",], [ "0.008654685627753669", "-0.00408799891029632", "0.9999541912915858", "-0.03412881181292799",], [ "0.0", "0.0", "0.0", "1.0",],]
frame_611 = [ [ "0.9999481272075242", "0.005405761889281483", "-0.008632533381537296", "1.6696746463231333",], [ "-0.005370224471239052", "0.999977032737915", "0.004134572024104619", "-0.8059411715936909",], [ "0.008654685627756854", "-0.004087998910292981", "0.9999541912915859", "-0.03412881181284006",], [ "0.0", "0.0", "0.0", "1.0",],]
frame_612 = [ [ "0.9999481272075237", "0.005405761889280796", "-0.008632533381531794", "1.6696746463220624",], [ "-0.005370224471238939", "0.999977032737915", "0.0041345720241112984", "-0.8059411715949901",], [ "0.008654685627751383", "-0.004087998910299673", "0.9999541912915858", "-0.03412881181290072",], [ "0.0", "0.0", "0.0", "1.0",],]
frame_613 = [ [ "0.9999481272075238", "0.0054057618892815835", "-0.008632533381528053", "1.6696746463213357",], [ "-0.005370224471239484", "0.9999770327379155", "0.004134572024116698", "-0.8059411715960396",], [ "0.008654685627747672", "-0.004087998910304969", "0.9999541912915855", "-0.03412881181278901",], [ "0.0", "0.0", "0.0", "1.0",],]
frame_614 = [ [ "0.999948127207524", "0.005405761889281664", "-0.00863253338153359", "1.6696746463224124",], [ "-0.005370224471240156", "0.9999770327379158", "0.004134572024112063", "-0.8059411715951363",], [ "0.008654685627753166", "-0.004087998910300269", "0.9999541912915856", "-0.03412881181275514",], [ "0.0", "0.0", "0.0", "1.0",],]
frame_615 = [ [ "0.9999481272075238", "0.005405761889281633", "-0.00863253338153231", "1.6696746463221637",], [ "-0.005370224471239947", "0.9999770327379158", "0.004134572024108098", "-0.8059411715943656",], [ "0.008654685627751919", "-0.004087998910296236", "0.9999541912915854", "-0.034128811812703594",], [ "0.0", "0.0", "0.0", "1.0",],]
frame_616 = [ [ "0.999948127207524", "0.005405761889281417", "-0.008632533381531676", "1.6696746463220395",], [ "-0.0053702244712401604", "0.9999770327379158", "0.004134572024111514", "-0.80594117159503",], [ "0.00865468562775128", "-0.004087998910299629", "0.999954191291585", "-0.034128811812730364",], [ "0.0", "0.0", "0.0", "1.0",],]
