frame_380 = [ [ "1.0", "0.0", "0.0", "0.0",], [ "0.0", "1.0", "0.0", "0.0",], [ "0.0", "0.0", "1.0", "0.0",], [ "0.0", "0.0", "0.0", "1.0",],]
frame_381 = [ [ "0.9996840960046283", "0.024045319673718157", "-0.007316474369562695", "1.432049765463299",], [ "-0.024128087641821776", "0.9996433856425845", "-0.011442767487738502", "2.240619569071219",], [ "0.007038720207562154", "0.011615685206589834", "0.9999077618835763", "0.0017813562153724774",], [ "0.0", "0.0", "0.0", "1.0",],]
frame_382 = [ [ "0.9996974084551336", "0.022548960924140837", "-0.009830355503935871", "1.9200836679219073",], [ "-0.02278475338877055", "0.9994383504183114", "-0.024573130165619034", "4.797904671314421",], [ "0.009270735736990892", "0.02478967677008261", "0.9996497013376892", "0.0744520678017919",], [ "0.0", "0.0", "0.0", "1.0",],]
frame_383 = [ [ "0.9997270033540435", "0.02127891145327416", "-0.00965021720540321", "1.8824138539601798",], [ "-0.021499596654569637", "0.9994956225374856", "-0.023372374121947617", "4.5635148331548105",], [ "0.00914801117394278", "0.023573469319751586", "0.9996802515983778", "0.06603967006215704",], [ "0.0", "0.0", "0.0", "1.0",],]
frame_384 = [ [ "0.9997465216655921", "0.021207926470735855", "-0.0075575308378745655", "1.4760671143156303",], [ "-0.021401261144245218", "0.9994199182452232", "-0.026491754116141814", "5.169527893149111",], [ "0.006991311678748506", "0.0266467797215025", "0.9996204633216996", "0.08646906241467756",], [ "0.0", "0.0", "0.0", "1.0",],]
frame_385 = [ [ "0.9997240662831759", "0.021783215943361283", "-0.008791063496677989", "1.7155963482499104",], [ "-0.022050914993995738", "0.9992573432752186", "-0.031599352184523415", "6.160880608095603",], [ "0.008096199241948505", "0.03178448385170029", "0.9994619543254871", "0.12579036732766383",], [ "0.0", "0.0", "0.0", "1.0",],]
frame_386 = [ [ "0.9997240607245381", "0.021642136454973683", "-0.00913347349635663", "1.783817847080977",], [ "-0.021934439748503568", "0.9992073752230735", "-0.033218995360152374", "6.476058591942641",], [ "0.008407304048482582", "0.0334101665587437", "0.999406362802018", "0.1401944893234248",], [ "0.0", "0.0", "0.0", "1.0",],]
frame_387 = [ [ "0.9997240607245376", "0.021642136454973666", "-0.009133473496358825", "1.7838178470814035",], [ "-0.02193443974850357", "0.9992073752230732", "-0.033218995360149155", "6.476058591942014",], [ "0.008407304048484807", "0.0334101665587405", "0.9994063628020167", "0.14019448932380565",], [ "0.0", "0.0", "0.0", "1.0",],]
frame_388 = [ [ "0.9997261275047603", "0.021768364094939728", "-0.008591176227434556", "1.6785868652668994",], [ "-0.02203432587482913", "0.9992390766938163", "-0.032183164719055586", "6.274483271508591",], [ "0.00788406415388384", "0.03236365141207557", "0.9994450638227688", "0.1304639812363132",], [ "0.0", "0.0", "0.0", "1.0",],]
frame_389 = [ [ "0.9997251920974347", "0.021644497047658688", "-0.009003112423390225", "1.758171477372295",], [ "-0.021927512154798285", "0.9992271304393667", "-0.03262400963421231", "6.359999671699247",], [ "0.008290023911636864", "0.03281246015564984", "0.9994271448995588", "0.13461952769830138",], [ "0.0", "0.0", "0.0", "1.0",],]
frame_390 = [ [ "0.9996918887495712", "0.023005725759668756", "-0.009320093915588665", "1.8216283405492166",], [ "-0.023305537355949767", "0.999168628941909", "-0.033450005484272516", "6.520786808069527",], [ "0.008542803806418127", "0.03365690895817045", "0.9993969346473468", "0.1430311644805107",], [ "0.0", "0.0", "0.0", "1.0",],]
frame_391 = [ [ "0.9996776444660789", "0.022675338031583205", "-0.011420866863630471", "2.2275740393609382",], [ "-0.023013740373215137", "0.9992720510383258", "-0.03042590619348256", "5.933455518139294",], [ "0.010722635347601386", "0.030678935099087472", "0.9994717745051109", "0.12000136472037465",], [ "0.0", "0.0", "0.0", "1.0",],]
frame_392 = [ [ "0.9997034822346171", "0.021659033831831483", "-0.011128066384755483", "2.1688291054986673",], [ "-0.02198425344127838", "0.9993085519824295", "-0.029985171925696906", "5.846872703646811",], [ "0.010470922052122638", "0.030220923021241363", "0.9994883969327163", "0.1160555529746333",], [ "0.0", "0.0", "0.0", "1.0",],]
frame_393 = [ [ "0.9997080470795503", "0.021688869522283796", "-0.010649579487061928", "2.0755764502280907",], [ "-0.022018412549328226", "0.999249493951898", "-0.031869081343658616", "6.212843282349528",], [ "0.009950382566189783", "0.03209426390691689", "0.9994353146207464", "0.12967468379707323",], [ "0.0", "0.0", "0.0", "1.0",],]
frame_394 = [ [ "0.9997080470795519", "0.021688869522283792", "-0.010649579487061484", "2.075576450228003",], [ "-0.022018412549328407", "0.999249493951898", "-0.03186908134365644", "6.212843282349105",], [ "0.009950382566189485", "0.03209426390691518", "0.999435314620748", "0.12967468379680602",], [ "0.0", "0.0", "0.0", "1.0",],]
frame_395 = [ [ "0.9997009293829484", "0.021968474535742175", "-0.010744203900700886", "2.0949878815884135",], [ "-0.02229988424991593", "0.9992465578158539", "-0.031765261774678324", "6.192977423049909",], [ "0.010038274419829333", "0.03199535622158804", "0.9994376069705109", "0.12887563966211102",], [ "0.0", "0.0", "0.0", "1.0",],]
frame_396 = [ [ "0.9996980992131832", "0.02210670798419537", "-0.010723986743168658", "2.0922830213775465",], [ "-0.022423236504157652", "0.9992876916806557", "-0.030353051250753858", "5.918953499620615",], [ "0.010045341917765743", "0.03058435413171472", "0.9994817098817351", "0.11737431234548223",], [ "0.0", "0.0", "0.0", "1.0",],]
frame_397 = [ [ "0.9997010404997988", "0.021968064216691178", "-0.010734699726055971", "2.0931391183847725",], [ "-0.022299809212183448", "0.9992445322714838", "-0.03182896848233193", "6.205426832336347",], [ "0.010027369183267285", "0.03205883466567", "0.9994356822663272", "0.12938929488444495",], [ "0.0", "0.0", "0.0", "1.0",],]
frame_398 = [ [ "0.9997010404997995", "0.021968064216690984", "-0.010734699726056014", "2.0931391183847805",], [ "-0.02229980921218347", "0.999244532271483", "-0.031828968482333325", "6.205426832336617",], [ "0.010027369183267241", "0.032058834665671346", "0.9994356822663276", "0.1293892948843396",], [ "0.0", "0.0", "0.0", "1.0",],]
frame_399 = [ [ "0.9997080470795537", "0.021688869522283567", "-0.010649579487061004", "2.07557645022791",], [ "-0.022018412549328598", "0.999249493951897", "-0.03186908134365744", "6.212843282349301",], [ "0.009950382566189115", "0.032094263906916866", "0.9994353146207506", "0.12967468379625594",], [ "0.0", "0.0", "0.0", "1.0",],]
frame_400 = [ [ "0.9997080470795553", "0.021688869522283605", "-0.0106495794870607", "2.075576450227851",], [ "-0.022018412549328844", "0.9992494939518971", "-0.03186908134365612", "6.212843282349041",], [ "0.009950382566188893", "0.032094263906916394", "0.9994353146207517", "0.12967468379602506",], [ "0.0", "0.0", "0.0", "1.0",],]
frame_401 = [ [ "0.9997080470795562", "0.02168886952228363", "-0.010649579487061385", "2.0755764502279836",], [ "-0.02201841254932899", "0.9992494939518978", "-0.0318690813436576", "6.212843282349331",], [ "0.009950382566189606", "0.032094263906918656", "0.9994353146207529", "0.12967468379589842",], [ "0.0", "0.0", "0.0", "1.0",],]
frame_402 = [ [ "0.9997080470795577", "0.021688869522283365", "-0.010649579487061214", "2.07557645022795",], [ "-0.022018412549328913", "0.9992494939518977", "-0.03186908134365522", "6.212843282348867",], [ "0.009950382566189546", "0.03209426390691674", "0.999435314620754", "0.12967468379560199",], [ "0.0", "0.0", "0.0", "1.0",],]
frame_403 = [ [ "0.9997110847995182", "0.0217102063714534", "-0.010315709782077166", "2.010979989713185",], [ "-0.02201997300207162", "0.9992789886201766", "-0.030929333830997975", "6.030557873533922",], [ "0.009636789817531492", "0.031147549527220496", "0.9994683398890072", "0.12030740518370446",], [ "0.0", "0.0", "0.0", "1.0",],]
frame_404 = [ [ "0.9997112167796455", "0.02170858460018565", "-0.010306328135893994", "2.0091520119110142",], [ "-0.022018686231392772", "0.9992770014853216", "-0.030994382703214713", "6.043267702074256",], [ "0.009626032496917425", "0.03121236385099544", "0.9994664215676418", "0.12082319443704478",], [ "0.0", "0.0", "0.0", "1.0",],]
frame_405 = [ [ "0.999704149577183", "0.021988416220548482", "-0.010398214765038476", "2.0280315225695733",], [ "-0.02230027139634551", "0.9992739238214495", "-0.03089211980649093", "6.023704679587924",], [ "0.009711396080758676", "0.031114863371090623", "0.9994686358578674", "0.12004427196126473",], [ "0.0", "0.0", "0.0", "1.0",],]
frame_406 = [ [ "0.9997112167796454", "0.021708584600185796", "-0.010306328135893083", "2.0091520119108366",], [ "-0.022018686231392845", "0.9992770014853217", "-0.030994382703217707", "6.0432677020748375",], [ "0.009626032496916416", "0.031212363850998487", "0.9994664215676415", "0.12082319443710123",], [ "0.0", "0.0", "0.0", "1.0",],]
frame_407 = [ [ "0.9997085004376521", "0.02173477761598935", "-0.010512544635419075", "2.0498204941220726",], [ "-0.022045683286819794", "0.9992939598786809", "-0.030423175350515256", "5.932245144665182",], [ "0.009843881406514307", "0.030646063237794743", "0.9994818241503467", "0.11633973547301203",], [ "0.0", "0.0", "0.0", "1.0",],]
frame_408 = [ [ "0.9997085004376526", "0.0217347776159893", "-0.010512544635419873", "2.049820494122229",], [ "-0.022045683286819974", "0.9992939598786806", "-0.030423175350515745", "5.932245144665276",], [ "0.009843881406515008", "0.03064606323779504", "0.9994818241503466", "0.11633973547307198",], [ "0.0", "0.0", "0.0", "1.0",],]
frame_409 = [ [ "0.999697720272307", "0.021923418986454935", "-0.011127972965681224", "2.1706684298315753",], [ "-0.02225127289044673", "0.9992947470085632", "-0.03024713963093168", "5.897939736532917",], [ "0.010457004214188489", "0.030485608096985885", "0.9994805044431071", "0.11703189025519083",], [ "0.0", "0.0", "0.0", "1.0",],]
frame_410 = [ [ "0.9997047864950158", "0.021648263221345925", "-0.011031435014678907", "2.1508944845371554",], [ "-0.021974303192596283", "0.999297900195928", "-0.030345290626628236", "5.916712336556296",], [ "0.010366767007303703", "0.030578740384693114", "0.9994785994599029", "0.11774955117189512",], [ "0.0", "0.0", "0.0", "1.0",],]
frame_411 = [ [ "0.9996977202723075", "0.02192341898645484", "-0.011127972965682366", "2.170668429831797",], [ "-0.022251272890446802", "0.9992947470085631", "-0.030247139630930182", "5.897939736532624",], [ "0.010457004214189724", "0.03048560809698485", "0.999480504443108", "0.11703189025507106",], [ "0.0", "0.0", "0.0", "1.0",],]
frame_412 = [ [ "0.9997071386165235", "0.021730975577107722", "-0.01064902341347275", "2.0766629469199027",], [ "-0.022049188467344858", "0.99928431030782", "-0.030735979902458667", "5.9932738043894105",], [ "0.009973479188585887", "0.030961780845107933", "0.9994708088982907", "0.11942313786701186",], [ "0.0", "0.0", "0.0", "1.0",],]
frame_413 = [ [ "0.9996887246804971", "0.021361084522124762", "-0.012890221671973918", "2.509923687410138",], [ "-0.02175301922912919", "0.9992803846732301", "-0.031072800996187276", "6.0586393880644955",], [ "0.012217196942475288", "0.031343530040036816", "0.9994340014345762", "0.1253468391649693",], [ "0.0", "0.0", "0.0", "1.0",],]
frame_414 = [ [ "0.9996885378466861", "0.021368750796615963", "-0.012892004785167251", "2.510298555372338",], [ "-0.021760602837137762", "0.9992805639599864", "-0.031061723326093655", "6.056482858439049",], [ "0.012218979587228774", "0.03133258657077463", "0.9994343227829753", "0.12526185238915102",], [ "0.0", "0.0", "0.0", "1.0",],]
frame_415 = [ [ "0.9996832579591037", "0.02179830907163741", "-0.012578452922558067", "2.4501070225425328",], [ "-0.022196206247193987", "0.9992280972650559", "-0.03241200494105254", "6.318635942240517",], [ "0.011862216679009932", "0.032680932631807526", "0.9993954394821939", "0.13722592673023273",], [ "0.0", "0.0", "0.0", "1.0",],]
frame_416 = [ [ "0.9996832579591037", "0.021798309071637458", "-0.012578452922557416", "2.450107022542406",], [ "-0.022196206247194036", "0.9992280972650562", "-0.03241200494105325", "6.318635942240656",], [ "0.011862216679009321", "0.03268093263180894", "0.9993954394821941", "0.13722592673035397",], [ "0.0", "0.0", "0.0", "1.0",],]
frame_417 = [ [ "0.9997008428590336", "0.022168746957770453", "-0.010333026918388746", "2.01602108333172",], [ "-0.022489868176028008", "0.9992324789520942", "-0.03207271171400747", "6.252787931635403",], [ "0.009614084272503738", "0.03229550534653275", "0.9994321236172303", "0.13132420236600728",], [ "0.0", "0.0", "0.0", "1.0",],]
frame_418 = [ [ "0.999700842859033", "0.02216874695777068", "-0.010333026918385996", "2.0160210833311862",], [ "-0.022489868176027966", "0.9992324789520939", "-0.03207271171400595", "6.252787931635107",], [ "0.00961408427250104", "0.03229550534653075", "0.99943212361723", "0.13132420236604653",], [ "0.0", "0.0", "0.0", "1.0",],]
frame_419 = [ [ "0.999700642670472", "0.022177270091847483", "-0.010334105455031764", "2.0162495843459336",], [ "-0.022498542996383073", "0.9992318804000934", "-0.03208527318170108", "6.2552359425844895",], [ "0.009614603856763753", "0.03230817053592397", "0.9994317092774937", "0.13143370892938872",], [ "0.0", "0.0", "0.0", "1.0",],]
frame_420 = [ [ "0.9997006426704733", "0.02217727009184754", "-0.010334105455032928", "2.016249584346161",], [ "-0.02249854299638348", "0.9992318804000927", "-0.032085273181703775", "6.255235942585012",], [ "0.00961460385676484", "0.03230817053592697", "0.9994317092774938", "0.1314337089293812",], [ "0.0", "0.0", "0.0", "1.0",],]
frame_421 = [ [ "0.9997006426704749", "0.02217727009184735", "-0.01033410545503151", "2.0162495843458834",], [ "-0.022498542996383476", "0.9992318804000937", "-0.03208527318170161", "6.255235942584591",], [ "0.009614603856763502", "0.0323081705359255", "0.9994317092774949", "0.13143370892908515",], [ "0.0", "0.0", "0.0", "1.0",],]
frame_422 = [ [ "0.999700642670476", "0.022177270091847258", "-0.010334105455032952", "2.016249584346165",], [ "-0.022498542996383708", "0.9992318804000936", "-0.032085273181702074", "6.255235942584683",], [ "0.00961460385676491", "0.03230817053592672", "0.9994317092774956", "0.13143370892906697",], [ "0.0", "0.0", "0.0", "1.0",],]
frame_423 = [ [ "0.9997006426704766", "0.022177270091847057", "-0.010334105455031134", "2.01624958434581",], [ "-0.022498542996383604", "0.9992318804000936", "-0.032085273181701054", "6.255235942584486",], [ "0.009614603856763208", "0.03230817053592609", "0.9994317092774967", "0.1314337089287755",], [ "0.0", "0.0", "0.0", "1.0",],]
frame_424 = [ [ "0.9997006426704778", "0.022177270091847008", "-0.010334105455032513", "2.016249584346078",], [ "-0.022498542996383902", "0.9992318804000934", "-0.0320852731817018", "6.255235942584628",], [ "0.009614603856764601", "0.032308170535927314", "0.999431709277498", "0.13143370892852993",], [ "0.0", "0.0", "0.0", "1.0",],]
frame_425 = [ [ "0.999708121724761", "0.021749303878619997", "-0.010518514077396658", "2.0510267134630564",], [ "-0.022060564072901027", "0.9992930826655891", "-0.03044119658457772", "5.935760246516573",], [ "0.009849003522517327", "0.030664355814392096", "0.999481212635909", "0.11649631842265773",], [ "0.0", "0.0", "0.0", "1.0",],]
frame_426 = [ [ "0.9997081217247612", "0.02174930387862015", "-0.010518514077395678", "2.0510267134628655",], [ "-0.022060564072901263", "0.9992930826655889", "-0.03044119658457922", "5.935760246516862",], [ "0.00984900352251634", "0.03066435581439379", "0.9994812126359093", "0.11649631842269435",], [ "0.0", "0.0", "0.0", "1.0",],]
frame_427 = [ [ "0.9997081217247616", "0.021749303878620063", "-0.010518514077397262", "2.0510267134631732",], [ "-0.022060564072901318", "0.9992930826655891", "-0.030441196584577203", "5.9357602465164705",], [ "0.00984900352251794", "0.030664355814392134", "0.9994812126359095", "0.11649631842260223",], [ "0.0", "0.0", "0.0", "1.0",],]
frame_428 = [ [ "0.9997097448426218", "0.021660364926297533", "-0.01054773236344136", "2.056518683672424",], [ "-0.021969328340076585", "0.9993049876990228", "-0.030114617250648987", "5.872376783949965",], [ "0.009888107960437516", "0.030337602923229103", "0.9994907979415725", "0.11403942458167789",], [ "0.0", "0.0", "0.0", "1.0",],]
frame_429 = [ [ "0.9997254237561266", "0.021077805921914154", "-0.010237343073425113", "1.9935914716809942",], [ "-0.021388995693639522", "0.9992810220114821", "-0.03130415165622321", "6.102931492586242",], [ "0.009570159815935335", "0.03151452276676917", "0.9994574762819713", "0.12516332876341016",], [ "0.0", "0.0", "0.0", "1.0",],]
frame_430 = [ [ "0.9997074244459463", "0.0218466590969809", "-0.01038214785127581", "2.0240883813764214",], [ "-0.022166600700737064", "0.9992493265943625", "-0.03177145124317344", "6.194012985794219",], [ "0.009680254184665468", "0.03199229261907153", "0.999441236837836", "0.12886763793100503",], [ "0.0", "0.0", "0.0", "1.0",],]
frame_431 = [ [ "0.9997074244459472", "0.021846659096980865", "-0.010382147851277206", "2.0240883813766932",], [ "-0.02216660070073721", "0.9992493265943628", "-0.031771451243174195", "6.194012985794366",], [ "0.00968025418466688", "0.03199229261907297", "0.9994412368378367", "0.12886763793101663",], [ "0.0", "0.0", "0.0", "1.0",],]
frame_432 = [ [ "0.999689602759949", "0.02150304997731891", "-0.012582407376367911", "2.4493953298703897",], [ "-0.02190204879650788", "0.999232298091483", "-0.032482529294064186", "6.3319665604474595",], [ "0.011874274387412332", "0.032748027306970344", "0.9993930999938534", "0.13771309389216096",], [ "0.0", "0.0", "0.0", "1.0",],]
frame_433 = [ [ "0.9996801514679099", "0.021855454080522578", "-0.012725324675152461", "2.4784150167276082",], [ "-0.022257680052925582", "0.9992279336552528", "-0.03237487114607831", "6.311431724515006",], [ "0.012007932370549788", "0.03264775229626873", "0.9993947837717759", "0.13695554509377558",], [ "0.0", "0.0", "0.0", "1.0",],]
frame_434 = [ [ "0.9996801514679101", "0.021855454080522543", "-0.012725324675154217", "2.4784150167279493",], [ "-0.02225768005292576", "0.9992279336552523", "-0.03237487114607888", "6.311431724515115",], [ "0.012007932370551483", "0.03264775229626918", "0.9993947837717757", "0.1369555450938393",], [ "0.0", "0.0", "0.0", "1.0",],]
frame_435 = [ [ "0.9996909670188893", "0.02145090679780468", "-0.01256300355989507", "2.4464037100662295",], [ "-0.021841104282528258", "0.9992558198122445", "-0.03179265221851136", "6.197881639719739",], [ "0.011871673201953706", "0.032057217111286236", "0.9994155282996727", "0.13202449904073907",], [ "0.0", "0.0", "0.0", "1.0",],]
frame_436 = [ [ "0.9996909670188885", "0.02145090679780456", "-0.012563003559895272", "2.4464037100662686",], [ "-0.021841104282528133", "0.9992558198122445", "-0.031792652218510395", "6.197881639719553",], [ "0.01187167320195396", "0.03205721711128534", "0.9994155282996726", "0.13202449904070565",], [ "0.0", "0.0", "0.0", "1.0",],]
frame_437 = [ [ "0.9996801514679097", "0.021855454080522543", "-0.01272532467515236", "2.4784150167275887",], [ "-0.022257680052925673", "0.9992279336552523", "-0.032374871146078316", "6.311431724515005",], [ "0.012007932370549711", "0.03264775229626901", "0.9993947837717757", "0.1369555450937672",], [ "0.0", "0.0", "0.0", "1.0",],]
frame_438 = [ [ "0.9996909670188889", "0.021450906797804592", "-0.01256300355989469", "2.4464037100661558",], [ "-0.021841104282528206", "0.9992558198122445", "-0.03179265221851041", "6.197881639719554",], [ "0.011871673201953478", "0.03205721711128544", "0.9994155282996734", "0.132024499040553",], [ "0.0", "0.0", "0.0", "1.0",],]
frame_439 = [ [ "0.9996801514679093", "0.02185545408052235", "-0.012725324675153124", "2.478415016727736",], [ "-0.02225768005292562", "0.9992279336552519", "-0.0323748711460774", "6.311431724514826",], [ "0.012007932370550579", "0.03264775229626801", "0.999394783771776", "0.1369555450937814",], [ "0.0", "0.0", "0.0", "1.0",],]
frame_440 = [ [ "0.9996801514679102", "0.021855454080522255", "-0.012725324675152881", "2.4784150167276895",], [ "-0.02225768005292573", "0.9992279336552516", "-0.0323748711460783", "6.311431724515",], [ "0.012007932370550279", "0.03264775229626892", "0.9993947837717759", "0.13695554509375807",], [ "0.0", "0.0", "0.0", "1.0",],]
frame_441 = [ [ "0.9996919253257225", "0.02146496392567247", "-0.012462333741279705", "2.4263463627834563",], [ "-0.021860993208386848", "0.9992305804744663", "-0.03256292401813772", "6.3475978530158095",], [ "0.011753782989002724", "0.03282533119922032", "0.9993919882694472", "0.1383912392647754",], [ "0.0", "0.0", "0.0", "1.0",],]
frame_442 = [ [ "0.9996777380281713", "0.021998914347934103", "-0.012667590870045275", "2.468138983111694",], [ "-0.022385356719161288", "0.9992618699921826", "-0.031218760133765948", "6.086637532513655",], [ "0.011971461710867002", "0.03149226805498005", "0.99943229943669", "0.1275423183008781",], [ "0.0", "0.0", "0.0", "1.0",],]
frame_443 = [ [ "0.9996777380281715", "0.02199891434793395", "-0.012667590870046517", "2.4681389831119347",], [ "-0.022385356719161295", "0.9992618699921827", "-0.031218760133768356", "6.086637532514123",], [ "0.011971461710868268", "0.031492268054983105", "0.9994322994366905", "0.12754231830078602",], [ "0.0", "0.0", "0.0", "1.0",],]
frame_444 = [ [ "0.9996951641230952", "0.02153088775310623", "-0.012083033622377025", "2.3532703839556954",], [ "-0.021901251331620294", "0.9992667427774472", "-0.031405604102892844", "6.122656150834382",], [ "0.01139798311394636", "0.031660664104253645", "0.9994336838077168", "0.12739982048565612",], [ "0.0", "0.0", "0.0", "1.0",],]
frame_445 = [ [ "0.9997017102333448", "0.021118207674054784", "-0.012268327564066145", "2.388261461893786",], [ "-0.0214755275876909", "0.9993262557561012", "-0.02976300171907069", "5.803477154794191",], [ "0.011631520597682183", "0.030017592527304647", "0.9994816916119583", "0.11275045905264161",], [ "0.0", "0.0", "0.0", "1.0",],]
frame_446 = [ [ "0.9997017102333445", "0.021118207674054895", "-0.012268327564066936", "2.38826146189394",], [ "-0.021475527587690956", "0.9993262557561015", "-0.029763001719071175", "5.803477154794287",], [ "0.011631520597682963", "0.030017592527304897", "0.999481691611959", "0.11275045905261635",], [ "0.0", "0.0", "0.0", "1.0",],]
frame_447 = [ [ "0.9997017102333442", "0.02111820767405488", "-0.012268327564064038", "2.388261461893375",], [ "-0.02147552758769079", "0.9993262557561015", "-0.029763001719073003", "5.803477154794642",], [ "0.011631520597680065", "0.0300175925273062", "0.9994816916119597", "0.11275045905250368",], [ "0.0", "0.0", "0.0", "1.0",],]
frame_448 = [ [ "0.9997017102333439", "0.021118207674055003", "-0.012268327564065831", "2.388261461893724",], [ "-0.02147552758769091", "0.9993262557561015", "-0.029763001719071387", "5.8034771547943285",], [ "0.011631520597681926", "0.030017592527304196", "0.9994816916119601", "0.11275045905241085",], [ "0.0", "0.0", "0.0", "1.0",],]
frame_449 = [ [ "0.9997019300219074", "0.021108641669641565", "-0.0122668805078164", "2.3879587758615686",], [ "-0.021465776488193547", "0.999326836927382", "-0.029750519936300877", "5.801043957223708",], [ "0.011630629832022689", "0.03000497031467696", "0.9994820809830365", "0.11264676236049663",], [ "0.0", "0.0", "0.0", "1.0",],]
frame_450 = [ [ "0.9997019300219081", "0.02110864166964152", "-0.012266880507816519", "2.387958775861592",], [ "-0.02146577648819367", "0.9993268369273814", "-0.029750519936300995", "5.801043957223731",], [ "0.011630629832022761", "0.030004970314677304", "0.9994820809830363", "0.1126467623605841",], [ "0.0", "0.0", "0.0", "1.0",],]
frame_451 = [ [ "0.9997019300219092", "0.02110864166964145", "-0.01226688050781686", "2.3879587758616583",], [ "-0.021465776488193693", "0.9993268369273816", "-0.02975051993630075", "5.8010439572236825",], [ "0.011630629832023115", "0.030004970314677363", "0.9994820809830367", "0.11264676236049993",], [ "0.0", "0.0", "0.0", "1.0",],]
frame_452 = [ [ "0.9996916651952363", "0.02154075038061081", "-0.01235194771190058", "2.4058912559389283",], [ "-0.021902531825007857", "0.9993116054131472", "-0.029943185973778763", "5.838776095629941",], [ "0.011698446003298533", "0.030204492375252485", "0.999475279835134", "0.11410797570157223",], [ "0.0", "0.0", "0.0", "1.0",],]
frame_453 = [ [ "0.9996916651952363", "0.021540750380610638", "-0.012351947711904145", "2.4058912559396215",], [ "-0.021902531825007808", "0.9993116054131472", "-0.0299431859737787", "5.838776095629926",], [ "0.011698446003302118", "0.03020449237525266", "0.9994752798351343", "0.11410797570146773",], [ "0.0", "0.0", "0.0", "1.0",],]
frame_454 = [ [ "0.9996914697250974", "0.02154917800079047", "-0.012353067895382418", "2.4061284133664995",], [ "-0.02191113555811616", "0.9993110443257459", "-0.02995561428428736", "5.84119784110335",], [ "0.01169903831482763", "0.030217041815606267", "0.9994748935748623", "0.11421141312970776",], [ "0.0", "0.0", "0.0", "1.0",],]
frame_455 = [ [ "0.9996774374038448", "0.02200997886312879", "-0.01267209438851028", "2.4690435111026727",], [ "-0.022396724900761594", "0.9992611812462421", "-0.031232649072599063", "6.089347712654932",], [ "0.011975302061600494", "0.031506388000180297", "0.9994318084070452", "0.12766380352505494",], [ "0.0", "0.0", "0.0", "1.0",],]
frame_456 = [ [ "0.9996867000620308", "0.02165585288692067", "-0.012550926455579947", "2.44425091508691",], [ "-0.022040408369687382", "0.999265200693091", "-0.03135728117523722", "6.113183884749831",], [ "0.011862635375455873", "0.03162408448550452", "0.9994294348089139", "0.1285646721410331",], [ "0.0", "0.0", "0.0", "1.0",],]
frame_457 = [ [ "0.9996867000620308", "0.02165585288692044", "-0.012550926455581597", "2.4442509150872307",], [ "-0.02204040836968726", "0.9992652006930909", "-0.03135728117523669", "6.113183884749725",], [ "0.011862635375457578", "0.03162408448550421", "0.9994294348089141", "0.1285646721409214",], [ "0.0", "0.0", "0.0", "1.0",],]
frame_458 = [ [ "0.9997004904987993", "0.021195861477798356", "-0.012233754646103732", "2.3816996722536503",], [ "-0.02155576602635809", "0.9993151004406114", "-0.03007788194666171", "5.864575258368104",], [ "0.011587849133651284", "0.03033258128803379", "0.9994726891040718", "0.11507121496019816",], [ "0.0", "0.0", "0.0", "1.0",],]
frame_459 = [ [ "0.9996867000620311", "0.021655852886920426", "-0.01255092645557892", "2.4442509150867093",], [ "-0.022040408369687226", "0.9992652006930915", "-0.03135728117523577", "6.113183884749549",], [ "0.011862635375454927", "0.03162408448550326", "0.9994294348089148", "0.12856467214080441",], [ "0.0", "0.0", "0.0", "1.0",],]
frame_460 = [ [ "0.9996863929770623", "0.021667269575120888", "-0.012555681014495394", "2.4452050528823777",], [ "-0.022052131367689354", "0.9992645171461196", "-0.03137081884308199", "6.115826158565884",], [ "0.011866726537726373", "0.03163786026113585", "0.9994289502508122", "0.12868442249931125",], [ "0.0", "0.0", "0.0", "1.0",],]
frame_461 = [ [ "0.999699462994206", "0.021638394744588552", "-0.011522307149392836", "2.2427879208554162",], [ "-0.02195695787806373", "0.9993588959702867", "-0.028278773767635542", "5.513287210937614",], [ "0.010903012882172037", "0.028523269762393635", "0.9995336649619257", "0.10509648784976824",], [ "0.0", "0.0", "0.0", "1.0",],]
frame_462 = [ [ "0.9996919253257288", "0.02146496392567212", "-0.012462333741278468", "2.4263463627832156",], [ "-0.021860993208387358", "0.9992305804744673", "-0.03256292401813702", "6.3475978530156745",], [ "0.011753782989001768", "0.032825331199221715", "0.9993919882694557", "0.13839123926314914",], [ "0.0", "0.0", "0.0", "1.0",],]
frame_463 = [ [ "0.9996919253257288", "0.021464963925672167", "-0.01246233374127922", "2.4263463627833612",], [ "-0.02186099320838749", "0.9992305804744673", "-0.032562924018135576", "6.347597853015396",], [ "0.011753782989002495", "0.032825331199220244", "0.9993919882694555", "0.13839123926328353",], [ "0.0", "0.0", "0.0", "1.0",],]
frame_464 = [ [ "0.9996934616567335", "0.02137637884445478", "-0.012491322922256205", "2.4317946921964713",], [ "-0.021769525094845338", "0.999243229882216", "-0.0322343808953939", "6.283834073995937",], [ "0.011792815524501846", "0.03249642998951798", "0.9994022771336917", "0.13579416296102761",], [ "0.0", "0.0", "0.0", "1.0",],]
frame_465 = [ [ "0.9996934616567333", "0.021376378844454758", "-0.01249132292225973", "2.431794692197156",], [ "-0.021769525094845466", "0.999243229882216", "-0.03223438089539515", "6.283834073996179",], [ "0.011792815524505342", "0.032496429989519265", "0.9994022771336911", "0.13579416296110067",], [ "0.0", "0.0", "0.0", "1.0",],]
frame_466 = [ [ "0.9996914837985816", "0.021292441934931863", "-0.012789415041824152", "2.489879421360144",], [ "-0.02167369035638471", "0.9993012764557586", "-0.0304501234846988", "5.937489930544119",], [ "0.012132121290209016", "0.030717922949740285", "0.999454461615295", "0.11986889334952038",], [ "0.0", "0.0", "0.0", "1.0",],]
frame_467 = [ [ "0.9997001570964815", "0.020951160123055423", "-0.012674572609918763", "2.4663498856746946",], [ "-0.02133066118898564", "0.999304477098316", "-0.030587006138355407", "5.963718485429084",], [ "0.012024923891111074", "0.03084819185569831", "0.9994517448404969", "0.12085765228550535",], [ "0.0", "0.0", "0.0", "1.0",],]
frame_468 = [ [ "0.9997017102333536", "0.02111820767405444", "-0.012268327564066286", "2.3882614618938116",], [ "-0.021475527587691817", "0.9993262557561009", "-0.029763001719068313", "5.803477154793731",], [ "0.011631520597682342", "0.030017592527303995", "0.999481691611966", "0.11275045905125015",], [ "0.0", "0.0", "0.0", "1.0",],]
frame_469 = [ [ "0.9997045244549633", "0.02201231194339272", "-0.010311251488556104", "2.0123415134600857",], [ "-0.02231065181637203", "0.9993076907017057", "-0.029772035871909908", "5.805096451358768",], [ "0.00964876157247228", "0.02999328970515205", "0.9995035287445703", "0.11125463106954028",], [ "0.0", "0.0", "0.0", "1.0",],]
frame_470 = [ [ "0.9996948622744432", "0.021542311807989264", "-0.012087644275458968", "2.354196543148681",], [ "-0.02191296538537724", "0.9992660756951584", "-0.03141865549035615", "6.125203880723614",], [ "0.011401942386377031", "0.0316739446038949", "0.9994332178505558", "0.12751419787676418",], [ "0.0", "0.0", "0.0", "1.0",],]
frame_471 = [ [ "0.9996823796392938", "0.021764798692637657", "-0.012705643496889142", "2.474939628403648",], [ "-0.022171532300095748", "0.999215955997323", "-0.032800860290948246", "6.3936819766332125",], [ "0.011981777592128583", "0.03307214565507207", "0.9993811436021655", "0.14203320448221757",], [ "0.0", "0.0", "0.0", "1.0",],]
frame_472 = [ [ "0.9996139553442974", "0.026759393086416717", "-0.007474969074020834", "1.4715728455058608",], [ "-0.027030190675528525", "0.9988797163150205", "-0.038841744637376906", "7.5716602155185315",], [ "0.006427213475208909", "0.03902879982882199", "0.9992174156363258", "0.1862744398263816",], [ "0.0", "0.0", "0.0", "1.0",],]
frame_473 = [ [ "0.9995604382385255", "0.02901610948455919", "-0.006082408969287406", "1.2070306222481924",], [ "-0.029225485216883985", "0.9988597247227662", "-0.03775077933772713", "7.360919133361587",], [ "0.004980092602324016", "0.03791194689209641", "0.9992686740614842", "0.1747608063446625",], [ "0.0", "0.0", "0.0", "1.0",],]
frame_474 = [ [ "0.9995732240887183", "0.028493500811726184", "-0.0064412806537308895", "1.2759968620995916",], [ "-0.02871313429896104", "0.9989004824313049", "-0.037059170487815186", "7.225525006164522",], [ "0.005378252848111956", "0.03722830388304374", "0.9992923134830799", "0.16838676665745986",], [ "0.0", "0.0", "0.0", "1.0",],]
frame_475 = [ [ "0.9995476601424831", "0.029492628436285126", "-0.005887272007630275", "1.1716429019561003",], [ "-0.029694383745512507", "0.9988450091728893", "-0.03777421374950204", "7.365252623465799",], [ "0.004766411411879142", "0.03793194588126274", "0.9992689571901998", "0.17429940697102003",], [ "0.0", "0.0", "0.0", "1.0",],]
frame_476 = [ [ "0.9995957904696547", "0.02823550012479416", "-0.0033184647254526807", "0.6667184113997504",], [ "-0.028337241543865264", "0.9989425382651914", "-0.036205054702199466", "7.056542576093493",], [ "0.00229268774942633", "0.0362844564105388", "0.9993388723580954", "0.1590158957505619",], [ "0.0", "0.0", "0.0", "1.0",],]
frame_477 = [ [ "0.9996065063904591", "0.027462477825086085", "-0.005713553504819518", "1.1278238269693672",], [ "-0.02764380296811625", "0.9990210035696494", "-0.03453772696860956", "6.73710517113874",], [ "0.004759468395330626", "0.034682080941111096", "0.9993870625149505", "0.14584195659007596",], [ "0.0", "0.0", "0.0", "1.0",],]
frame_478 = [ [ "0.9996523142843691", "0.025170315761686574", "-0.007855300786562939", "1.5388545836833538",], [ "-0.025421823045756256", "0.9991067869111924", "-0.03375439617340736", "6.587165775226839",], [ "0.00699867551905539", "0.03394235631860172", "0.9993992870662828", "0.14134564335175528",], [ "0.0", "0.0", "0.0", "1.0",],]
frame_479 = [ [ "0.9994861232256271", "0.030926302874173025", "-0.00842931017509386", "1.6606665428002543",], [ "-0.031149355630509995", "0.9991292453473332", "-0.027757318593137337", "5.4194044712081615",], [ "0.007563539072255186", "0.028005622332174237", "0.9995791504401071", "0.09987532024676364",], [ "0.0", "0.0", "0.0", "1.0",],]
frame_480 = [ [ "0.9995633866334324", "0.02863303129273617", "-0.007292847247964078", "1.4362539872210196",], [ "-0.02881024247738161", "0.999260110826118", "-0.025479419934051107", "4.975130238658313",], [ "0.006557898320947377", "0.025678403976317092", "0.9996487450794496", "0.08094099682665634",], [ "0.0", "0.0", "0.0", "1.0",],]
frame_481 = [ [ "0.9994815929158459", "0.03141378390832988", "-0.007051212878322997", "1.3966487847085378",], [ "-0.031596608471361975", "0.9991218379060504", "-0.02751740090111063", "5.368136555436588",], [ "0.0061805950848317715", "0.027725930098127842", "0.9995964550980911", "0.09461358080404741",], [ "0.0", "0.0", "0.0", "1.0",],]
frame_482 = [ [ "0.9995031401953243", "0.030768660865603325", "-0.006838292792551006", "1.3515155179418594",], [ "-0.03097748351960251", "0.998979135459505", "-0.03287981799495819", "6.4110303462744795",], [ "0.005819643852713158", "0.03307531443731148", "0.9994359185662585", "0.1367648254491958",], [ "0.0", "0.0", "0.0", "1.0",],]
frame_483 = [ [ "0.9994243977373208", "0.0332146682397957", "-0.006903551347454752", "1.371067158460618",], [ "-0.03342478430738315", "0.998897879717356", "-0.03295162651804864", "6.4241250075261895",], [ "0.005801465460735048", "0.033163409202026345", "0.9994331049593506", "0.13557228826899154",], [ "0.0", "0.0", "0.0", "1.0",],]
frame_484 = [ [ "0.999488257677561", "0.03125244944438613", "-0.006819616447759465", "1.3523124984743407",], [ "-0.031447401818897984", "0.999035428706421", "-0.030647562843189955", "5.974400175917379",], [ "0.005855227033151591", "0.03084633840690435", "0.9995069883314273", "0.11772196156542557",], [ "0.0", "0.0", "0.0", "1.0",],]
frame_485 = [ [ "0.9994664709189662", "0.031754047895439536", "-0.007645518369454076", "1.5137513878869802",], [ "-0.032020207051711096", "0.9987776694502193", "-0.03765465904724229", "7.339899782319746",], [ "0.006440485171910861", "0.03787938027282818", "0.9992615637064106", "0.1775064641247708",], [ "0.0", "0.0", "0.0", "1.0",],]
frame_486 = [ [ "0.9995142685461256", "0.029988055898766734", "-0.008481950024241262", "1.672332558966508",], [ "-0.030270529353674084", "0.9989144122115029", "-0.0354075151458759", "6.905908068968663",], [ "0.007410939579442687", "0.035647069719267864", "0.999336962388096", "0.1591901035765817",], [ "0.0", "0.0", "0.0", "1.0",],]
frame_487 = [ [ "0.9994722538148146", "0.03164536905342458", "-0.007333789736863985", "1.453837151301088",], [ "-0.03187560390506218", "0.9989217777482191", "-0.03375244903758295", "6.5822099198160835",], [ "0.006257773575329903", "0.03396840528815463", "0.9994033158400792", "0.14091064866771538",], [ "0.0", "0.0", "0.0", "1.0",],]
frame_488 = [ [ "0.9995478227668988", "0.029036179701431755", "-0.007813467245389161", "1.5406116589313432",], [ "-0.029297369931957952", "0.9989331078511156", "-0.03569748105942289", "6.962519059798256",], [ "0.006768612643600874", "0.0359102535115642", "0.9993320967404676", "0.16154172567372374",], [ "0.0", "0.0", "0.0", "1.0",],]
frame_489 = [ [ "0.9994653414825394", "0.03137556235889084", "-0.009198111868745923", "1.8114582376516262",], [ "-0.03171042582901843", "0.998741575609825", "-0.03885503882576244", "7.5773837935214665",], [ "0.007967438046793236", "0.03912594069250498", "0.9992025223626998", "0.19228281078765583",], [ "0.0", "0.0", "0.0", "1.0",],]
frame_490 = [ [ "0.9994863885214276", "0.03080607491645976", "-0.00882864138648881", "1.7421880421690623",], [ "-0.031131964052078437", "0.998733674395344", "-0.03952022827667164", "7.702841964954981",], [ "0.007599998338841441", "0.039774783180081895", "0.9991797669330148", "0.1998111070097037",], [ "0.0", "0.0", "0.0", "1.0",],]
frame_491 = [ [ "0.9994584399982489", "0.031556361684845144", "-0.00932859869320929", "1.8389062785286812",], [ "-0.031902475925969905", "0.9987049600666503", "-0.03963123475328023", "7.726649759949691",], [ "0.008065900207489408", "0.03990737745696759", "0.9991708274756822", "0.2010574196681124",], [ "0.0", "0.0", "0.0", "1.0",],]
frame_492 = [ [ "0.9995511011651523", "0.0291056723709596", "-0.007103238378789504", "1.3999488221174368",], [ "-0.029406760352450045", "0.9984717521370804", "-0.04679105288288769", "9.122357862832626",], [ "0.005730497814817226", "0.04697893166251474", "0.9988794428632186", "0.2700246616847096",], [ "0.0", "0.0", "0.0", "1.0",],]
frame_493 = [ [ "0.9995555511222647", "0.029018922273838316", "-0.006826592915363614", "1.3465315805397122",], [ "-0.029284305775559342", "0.9986602266203819", "-0.04266358168015751", "8.318768259321235",], [ "0.00557939566720366", "0.042844531933514805", "0.9990661721965566", "0.22509975310982897",], [ "0.0", "0.0", "0.0", "1.0",],]
frame_494 = [ [ "0.9995489087946118", "0.029224138685528263", "-0.006923051761330049", "1.3655691104478378",], [ "-0.029518057574087663", "0.998456407391505", "-0.04704770787096092", "9.172471150178357",], [ "0.005537436650147428", "0.047230840104202094", "0.9988686522954302", "0.2728951737119011",], [ "0.0", "0.0", "0.0", "1.0",],]
frame_495 = [ [ "0.9995882634367582", "0.027792346234985485", "-0.007133658972982403", "1.4044638295280063",], [ "-0.028088901575093878", "0.9985680414827031", "-0.045528893438279226", "8.878064070754142",], [ "0.005858089099125737", "0.045710524172945625", "0.9989375509870652", "0.25635815398943396",], [ "0.0", "0.0", "0.0", "1.0",],]
frame_496 = [ [ "0.9995549113175041", "0.02877846764666608", "-0.007859965716683091", "1.546943427155151",], [ "-0.02910989529887913", "0.9985201294625797", "-0.04593653288759543", "8.957420198206187",], [ "0.006526350959489808", "0.046144889835776116", "0.9989134376337586", "0.26367861024021616",], [ "0.0", "0.0", "0.0", "1.0",],]
frame_497 = [ [ "0.9995386238650408", "0.029562990669733842", "-0.006969145194604305", "1.3758935099938823",], [ "-0.029837449725492512", "0.998617754256342", "-0.04327016845250496", "8.43737210033871",], [ "0.005680316537084549", "0.043458146148815456", "0.9990391001044168", "0.23172367542915837",], [ "0.0", "0.0", "0.0", "1.0",],]
frame_498 = [ [ "0.9995643417961546", "0.02844656289856742", "-0.007868905195657243", "1.5480465435236272",], [ "-0.028769881505779867", "0.9985910817441764", "-0.04458862387591834", "8.69511931725653",], [ "0.006589425457828545", "0.0447955859462041", "0.9989744415909585", "0.24688372626811667",], [ "0.0", "0.0", "0.0", "1.0",],]
frame_499 = [ [ "0.9995290282744367", "0.029641997009383674", "-0.007941892101771179", "1.5649435584485687",], [ "-0.0299665679771769", "0.9985616394088173", "-0.04445961206368161", "8.669378116118548",], [ "0.006612597109324261", "0.04467666409302135", "0.9989796140287774", "0.2450544483452011",], [ "0.0", "0.0", "0.0", "1.0",],]
