x = [ -8.149177551269531, 7.318824768066406,]
y = [ -15.435291290283203, 16.043258666992188,]
z = [ 191.17477416992188, 196.74911499023438,]
