x = [ -6.843937873840332, 12.539658546447754,]
y = [ -14.669265747070312, 5.8718109130859375,]
z = [ 191.41094970703125, 194.00323486328125,]
