x = [ -6.150972366333008, 8.45241928100586,]
y = [ -5.875759124755859, 9.977609634399414,]
z = [ 193.02011108398438, 195.85952758789062,]
