x = [ -10.745356559753418, 7.533974647521973,]
y = [ -15.090679168701172, 1.375359058380127,]
z = [ 193.00335693359375, 196.3995361328125,]
