x = [ -12.384683609008789, 3.4968488216400146,]
y = [ -9.19403076171875, 5.750733852386475,]
z = [ 219.5218048095703, 223.5895538330078,]
