x = [ -9.466410636901855, 16.245332717895508,]
y = [ -14.610647201538086, 8.902384757995605,]
z = [ 191.36659240722656, 194.85231018066406,]
