x = [ -13.185281753540039, 5.553216457366943,]
y = [ -18.728914260864258, 13.917585372924805,]
z = [ 191.9910430908203, 195.7482452392578,]
