x = [ -12.62635612487793, 4.886688709259033,]
y = [ -19.14814567565918, 13.951048851013184,]
z = [ 192.01515197753906, 195.70082092285156,]
